* 10000 8 3 1
c00000 10000 8 3 1
c00001 10000 30 10 3
c00002 10000 8 3 1
c00003 10000 30 10 3
c00004 30000 200 50 20
c00005 10000 8 3 1
c00006 30000 200 50 20
c00007 10000 30 10 3
c00008 10000 8 3 1
c00009 10000 8 3 1
c00010 10000 30 10 3
c00011 10000 8 3 1
c00012 10000 8 3 1
c00013 30000 200 50 20
c00014 10000 8 3 1
c00015 30000 200 50 20
c00016 30000 200 50 20
c00017 10000 30 10 3
c00018 30000 200 50 20
c00019 30000 200 50 20
c00020 10000 30 10 3
c00021 30000 200 50 20
c00022 10000 8 3 1
c00023 30000 200 50 20
c00024 10000 30 10 3
c00025 10000 30 10 3
c00026 30000 200 50 20
c00027 10000 8 3 1
c00028 10000 30 10 3
c00029 10000 8 3 1
c00030 10000 8 3 1
c00031 30000 200 50 20
c00032 30000 200 50 20
c00033 10000 30 10 3
c00034 10000 8 3 1
c00035 10000 8 3 1
c00036 10000 8 3 1
c00037 10000 30 10 3
c00038 10000 8 3 1
c00039 30000 200 50 20
c00040 10000 30 10 3
c00041 10000 30 10 3
c00042 10000 8 3 1
c00043 30000 200 50 20
c00044 10000 8 3 1
c00045 10000 8 3 1
c00046 30000 200 50 20
c00047 10000 8 3 1
c00048 10000 8 3 1
c00049 10000 8 3 1
c00050 10000 30 10 3
c00051 10000 8 3 1
c00052 30000 200 50 20
c00053 10000 8 3 1
c00054 10000 8 3 1
c00055 10000 30 10 3
c00056 30000 200 50 20
c00057 10000 8 3 1
c00058 30000 200 50 20
c00059 10000 30 10 3
c00060 10000 30 10 3
c00061 10000 30 10 3
c00062 10000 8 3 1
c00063 10000 30 10 3
c00064 30000 200 50 20
c00065 10000 8 3 1
c00066 10000 8 3 1
c00067 10000 8 3 1
c00068 10000 8 3 1
c00069 10000 30 10 3
c00070 10000 30 10 3
c00071 30000 200 50 20
c00072 10000 8 3 1
c00073 10000 8 3 1
c00074 10000 30 10 3
c00075 30000 200 50 20
c00076 10000 8 3 1
c00077 10000 30 10 3
c00078 10000 8 3 1
c00079 10000 30 10 3
c00080 10000 30 10 3
c00081 10000 30 10 3
c00082 10000 8 3 1
c00083 10000 30 10 3
c00084 10000 30 10 3
c00085 10000 8 3 1
c00086 10000 30 10 3
c00087 10000 30 10 3
c00088 10000 30 10 3
c00089 10000 30 10 3
c00090 10000 30 10 3
c00091 10000 30 10 3
c00092 10000 30 10 3
c00093 10000 30 10 3
c00094 10000 8 3 1
c00095 30000 200 50 20
c00096 10000 8 3 1
c00097 10000 30 10 3
c00098 10000 30 10 3
c00099 10000 30 10 3
c00100 10000 30 10 3
c00101 10000 30 10 3
c00102 10000 30 10 3
c00103 10000 8 3 1
c00104 10000 8 3 1
c00105 10000 8 3 1
c00106 10000 30 10 3
c00107 10000 8 3 1
c00108 10000 30 10 3
c00109 10000 30 10 3
c00110 10000 8 3 1
c00111 30000 200 50 20
c00112 10000 8 3 1
c00113 10000 8 3 1
c00114 10000 8 3 1
c00115 10000 8 3 1
c00116 10000 8 3 1
c00117 10000 8 3 1
c00118 10000 30 10 3
c00119 10000 8 3 1
c00120 10000 8 3 1
c00121 10000 8 3 1
c00122 10000 8 3 1
c00123 10000 8 3 1
c00124 10000 30 10 3
c00125 10000 8 3 1
c00126 10000 8 3 1
c00127 10000 30 10 3
c00128 10000 8 3 1
c00129 30000 200 50 20
c00130 10000 8 3 1
c00131 10000 8 3 1
c00132 10000 8 3 1
c00133 10000 30 10 3
c00134 30000 200 50 20
c00135 10000 8 3 1
c00136 10000 30 10 3
c00137 10000 30 10 3
c00138 10000 30 10 3
c00139 30000 200 50 20
c00140 10000 8 3 1
c00141 10000 30 10 3
c00142 10000 8 3 1
c00143 10000 30 10 3
c00144 30000 200 50 20
c00145 10000 30 10 3
c00146 30000 200 50 20
c00147 10000 8 3 1
c00148 10000 30 10 3
c00149 10000 8 3 1
c00150 10000 8 3 1
c00151 10000 30 10 3
c00152 10000 8 3 1
c00153 10000 8 3 1
c00154 30000 200 50 20
c00155 10000 30 10 3
c00156 10000 30 10 3
c00157 30000 200 50 20
c00158 10000 30 10 3
c00159 10000 30 10 3
c00160 10000 30 10 3
c00161 10000 30 10 3
c00162 30000 200 50 20
c00163 30000 200 50 20
c00164 30000 200 50 20
c00165 30000 200 50 20
c00166 10000 8 3 1
c00167 30000 200 50 20
c00168 10000 30 10 3
c00169 10000 30 10 3
c00170 10000 30 10 3
c00171 10000 8 3 1
c00172 30000 200 50 20
c00173 10000 8 3 1
c00174 10000 30 10 3
c00175 30000 200 50 20
c00176 10000 30 10 3
c00177 10000 30 10 3
c00178 30000 200 50 20
c00179 10000 8 3 1
c00180 10000 30 10 3
c00181 10000 30 10 3
c00182 10000 30 10 3
c00183 10000 30 10 3
c00184 30000 200 50 20
c00185 30000 200 50 20
c00186 30000 200 50 20
c00187 30000 200 50 20
c00188 10000 30 10 3
c00189 10000 30 10 3
c00190 10000 30 10 3
c00191 10000 8 3 1
c00192 10000 8 3 1
c00193 10000 30 10 3
c00194 10000 30 10 3
c00195 10000 8 3 1
c00196 10000 30 10 3
c00197 10000 8 3 1
c00198 30000 200 50 20
c00199 10000 8 3 1
c00200 10000 30 10 3
c00201 30000 200 50 20
c00202 10000 30 10 3
c00203 10000 8 3 1
c00204 10000 8 3 1
c00205 10000 8 3 1
c00206 10000 8 3 1
c00207 10000 8 3 1
c00208 10000 8 3 1
c00209 10000 8 3 1
c00210 10000 30 10 3
c00211 10000 8 3 1
c00212 10000 8 3 1
c00213 10000 8 3 1
c00214 10000 8 3 1
c00215 10000 8 3 1
c00216 10000 8 3 1
c00217 10000 8 3 1
c00218 10000 8 3 1
c00219 10000 8 3 1
c00220 10000 30 10 3
c00221 10000 8 3 1
c00222 10000 30 10 3
c00223 30000 200 50 20
c00224 30000 200 50 20
c00225 10000 30 10 3
c00226 10000 8 3 1
c00227 10000 8 3 1
c00228 10000 30 10 3
c00229 10000 8 3 1
c00230 30000 200 50 20
c00231 10000 8 3 1
c00232 10000 30 10 3
c00233 10000 8 3 1
c00234 10000 30 10 3
c00235 10000 30 10 3
c00236 10000 8 3 1
c00237 10000 8 3 1
c00238 10000 30 10 3
c00239 10000 30 10 3
c00240 30000 200 50 20
c00241 10000 30 10 3
c00242 10000 30 10 3
c00243 10000 8 3 1
c00244 10000 8 3 1
c00245 10000 8 3 1
c00246 10000 30 10 3
c00247 10000 8 3 1
c00248 10000 30 10 3
c00249 10000 30 10 3
c00250 10000 30 10 3
c00251 10000 30 10 3
c00252 10000 30 10 3
c00253 30000 200 50 20
c00254 30000 200 50 20
c00255 10000 30 10 3
c00256 30000 200 50 20
c00257 30000 200 50 20
c00258 30000 200 50 20
c00259 10000 8 3 1
c00260 10000 8 3 1
c00261 30000 200 50 20
c00262 30000 200 50 20
c00263 10000 8 3 1
c00264 10000 8 3 1
c00265 10000 30 10 3
c00266 10000 8 3 1
c00267 10000 30 10 3
c00268 10000 8 3 1
c00269 10000 30 10 3
c00270 10000 8 3 1
c00271 10000 30 10 3
c00272 10000 30 10 3
c00273 10000 30 10 3
c00274 10000 30 10 3
c00275 10000 30 10 3
c00276 30000 200 50 20
c00277 10000 8 3 1
c00278 30000 200 50 20
c00279 10000 30 10 3
c00280 10000 30 10 3
c00281 10000 30 10 3
c00282 10000 8 3 1
c00283 10000 30 10 3
c00284 10000 8 3 1
c00285 30000 200 50 20
c00286 10000 30 10 3
c00287 30000 200 50 20
c00288 10000 30 10 3
c00289 10000 30 10 3
c00290 10000 8 3 1
c00291 10000 30 10 3
c00292 10000 30 10 3
c00293 10000 8 3 1
c00294 10000 30 10 3
c00295 30000 200 50 20
c00296 10000 30 10 3
c00297 10000 30 10 3
c00298 10000 8 3 1
c00299 10000 8 3 1
