0 1
1 2
2 3
3 4
4 5
5 6
6 7
7 8
8 9
9 10
10 11
11 12
12 13
13 14
14 15
15 16
16 17
17 18
18 19
19 20
20 21
21 22
22 23
23 24
24 25
25 26
26 27
27 28
28 29
29 30
30 31
31 32
32 33
33 34
34 35
35 36
36 37
37 38
38 39
39 40
40 41
41 42
42 43
43 44
44 45
45 46
46 47
47 48
48 49
49 50
50 51
51 52
52 53
53 54
54 55
55 56
56 57
57 58
58 59
59 60
60 61
61 62
62 63
63 64
64 65
65 66
66 67
67 68
68 69
69 70
70 71
71 72
72 73
73 74
74 75
75 76
76 77
77 78
78 79
79 80
80 81
81 82
82 83
83 84
84 85
85 86
86 87
87 88
88 89
89 90
90 91
91 92
92 93
93 94
94 95
95 96
96 97
97 98
98 99
99 100
100 101
101 102
102 103
103 104
104 105
105 106
106 107
107 108
108 109
109 110
110 111
111 112
112 113
113 114
114 115
115 116
116 117
117 118
118 119
119 120
120 121
121 122
122 123
123 124
124 125
125 126
126 127
127 128
128 129
129 130
130 131
131 132
132 133
133 134
134 135
135 136
136 137
137 138
138 139
139 140
140 141
141 142
142 143
143 144
144 145
145 146
146 147
147 148
148 149
149 150
150 151
151 152
152 153
153 154
154 155
155 156
156 157
157 158
158 159
159 160
160 161
161 162
162 163
163 164
164 165
165 166
166 167
167 168
168 169
169 170
170 171
171 172
172 173
173 174
174 175
175 176
176 177
177 178
178 179
179 180
180 181
181 182
182 183
183 184
184 185
185 186
186 187
187 188
188 189
189 190
190 191
191 192
192 193
193 194
194 195
195 196
196 197
197 198
198 199
199 0
88 192
1 135
117 97
143 159
26 130
98 133
137 186
163 149
155 141
191 143
96 72
3 92
49 131
172 84
18 26
127 65
79 91
104 121
52 0
129 32
112 51
59 30
36 15
35 104
19 173
39 102
51 43
181 116
193 123
84 150
197 193
142 95
108 32
37 187
156 53
158 142
90 44
115 177
127 151
140 37
64 28
160 82
71 103
12 194
114 100
72 136
161 150
154 130
30 151
88 169
3 27
194 188
59 119
167 151
24 109
96 38
167 162
103 104
110 59
1 116
57 153
138 155
82 11
167 145
106 160
137 194
139 55
123 37
10 79
61 192
100 127
61 113
38 92
139 21
53 20
132 87
180 6
84 151
77 48
13 165
14 120
144 52
17 109
135 179
117 33
124 74
137 100
165 22
132 125
102 34
129 3
12 47
126 14
40 51
68 114
19 55
120 128
115 39
132 134
123 61
153 58
151 21
187 15
159 154
118 129
0 124
68 49
21 148
125 77
111 118
102 113
84 33
30 125
150 106
185 2
147 180
151 99
78 184
156 106
22 198
151 28
168 69
192 92
110 4
117 7
69 100
118 89
92 161
110 105
193 73
64 156
62 168
161 19
127 99
117 161
51 161
110 50
191 192
19 157
23 14
34 111
19 91
61 186
52 71
77 86
181 58
20 64
51 130
156 91
56 72
54 10
165 192
121 56
32 50
177 58
3 55
147 118
25 195
185 79
141 65
139 10
153 87
115 25
161 141
148 115
152 146
26 166
174 124
176 161
151 10
20 96
85 151
77 0
137 129
105 117
51 90
178 162
195 147
175 138
21 40
129 167
133 132
31 124
124 155
5 93
31 157
20 111
31 193
170 167
12 169
45 36
184 175
29 45
16 195
138 156
13 140
174 14
107 11
99 114
