0 1
0 2
1 2
1 3
2 3
2 4
3 4
3 5
4 5
4 6
5 6
5 7
6 7
6 8
7 8
7 9
8 9
8 10
9 10
9 11
10 11
10 12
11 12
11 13
12 13
12 14
13 14
13 15
14 15
14 16
15 16
15 17
16 17
16 18
17 18
17 19
18 19
18 20
19 20
19 21
20 21
20 22
21 22
21 23
22 23
22 24
23 24
23 25
24 25
24 26
25 26
25 27
26 27
26 28
27 28
27 29
28 29
28 30
29 30
29 31
30 31
30 32
31 32
31 33
32 33
32 34
33 34
33 35
34 35
34 36
35 36
35 37
36 37
36 38
37 38
37 39
38 39
38 40
39 40
39 41
40 41
40 42
41 42
41 43
42 43
42 44
43 44
43 45
44 45
44 46
45 46
45 47
46 47
46 48
47 48
47 49
48 49
48 50
49 50
49 51
50 51
50 52
51 52
51 53
52 53
52 54
53 54
53 55
54 55
54 56
55 56
55 57
56 57
56 58
57 58
57 59
58 59
58 60
59 60
59 61
60 61
60 62
61 62
61 63
62 63
62 64
63 64
63 65
64 65
64 66
65 66
65 67
66 67
66 68
67 68
67 69
68 69
68 70
69 70
69 71
70 71
70 72
71 72
71 73
72 73
72 74
73 74
73 75
74 75
74 76
75 76
75 77
76 77
76 78
77 78
77 79
78 79
78 80
79 80
79 81
80 81
80 82
81 82
81 83
82 83
82 84
83 84
83 85
84 85
84 86
85 86
85 87
86 87
86 88
87 88
87 89
88 89
88 90
89 90
89 91
90 91
90 92
91 92
91 93
92 93
92 94
93 94
93 95
94 95
94 96
95 96
95 97
96 97
96 98
97 98
97 99
98 99
98 100
99 100
99 101
100 101
100 102
101 102
101 103
102 103
102 104
103 104
103 105
104 105
104 106
105 106
105 107
106 107
106 108
107 108
107 109
108 109
108 110
109 110
109 111
110 111
110 112
111 112
111 113
112 113
112 114
113 114
113 115
114 115
114 116
115 116
115 117
116 117
116 118
117 118
117 119
118 119
118 120
119 120
119 121
120 121
120 122
121 122
121 123
122 123
122 124
123 124
123 125
124 125
124 126
125 126
125 127
126 127
126 128
127 128
127 129
128 129
128 130
129 130
129 131
130 131
130 132
131 132
131 133
132 133
132 134
133 134
133 135
134 135
134 136
135 136
135 137
136 137
136 138
137 138
137 139
138 139
138 140
139 140
139 141
140 141
140 142
141 142
141 143
142 143
142 144
143 144
143 145
144 145
144 146
145 146
145 147
146 147
146 148
147 148
147 149
148 149
148 150
149 150
149 151
150 151
150 152
151 152
151 153
152 153
152 154
153 154
153 155
154 155
154 156
155 156
155 157
156 157
156 158
157 158
157 159
158 159
158 160
159 160
159 161
160 161
160 162
161 162
161 163
162 163
162 164
163 164
163 165
164 165
164 166
165 166
165 167
166 167
166 168
167 168
167 169
168 169
168 170
169 170
169 171
170 171
170 172
171 172
171 173
172 173
172 174
173 174
173 175
174 175
174 176
175 176
175 177
176 177
176 178
177 178
177 179
178 179
178 180
179 180
179 181
180 181
180 182
181 182
181 183
182 183
182 184
183 184
183 185
184 185
184 186
185 186
185 187
186 187
186 188
187 188
187 189
188 189
188 190
189 190
189 191
190 191
190 192
191 192
191 193
192 193
192 194
193 194
193 195
194 195
194 196
195 196
195 197
196 197
196 198
197 198
197 199
198 199
198 200
199 200
199 201
200 201
200 202
201 202
201 203
202 203
202 204
203 204
203 205
204 205
204 206
205 206
205 207
206 207
206 208
207 208
207 209
208 209
208 210
209 210
209 211
210 211
210 212
211 212
211 213
212 213
212 214
213 214
213 215
214 215
214 216
215 216
215 217
216 217
216 218
217 218
217 219
218 219
218 220
219 220
219 221
220 221
220 222
221 222
221 223
222 223
222 224
223 224
223 225
224 225
224 226
225 226
225 227
226 227
226 228
227 228
227 229
228 229
228 230
229 230
229 231
230 231
230 232
231 232
231 233
232 233
232 234
233 234
233 235
234 235
234 236
235 236
235 237
236 237
236 238
237 238
237 239
238 239
238 240
239 240
239 241
240 241
240 242
241 242
241 243
242 243
242 244
243 244
243 245
244 245
244 246
245 246
245 247
246 247
246 248
247 248
247 249
248 249
248 250
249 250
249 251
250 251
250 252
251 252
251 253
252 253
252 254
253 254
253 255
254 255
254 256
255 256
255 257
256 257
256 258
257 258
257 259
258 259
258 260
259 260
259 261
260 261
260 262
261 262
261 263
262 263
262 264
263 264
263 265
264 265
264 266
265 266
265 267
266 267
266 268
267 268
267 269
268 269
268 270
269 270
269 271
270 271
270 272
271 272
271 273
272 273
272 274
273 274
273 275
274 275
274 276
275 276
275 277
276 277
276 278
277 278
277 279
278 279
278 280
279 280
279 281
280 281
280 282
281 282
281 283
282 283
282 284
283 284
283 285
284 285
284 286
285 286
285 287
286 287
286 288
287 288
287 289
288 289
288 290
289 290
289 291
290 291
290 292
291 292
291 293
292 293
292 294
293 294
293 295
294 295
294 296
295 296
295 297
296 297
296 298
297 298
297 299
298 299
298 300
299 300
299 301
300 301
300 302
301 302
301 303
302 303
302 304
303 304
303 305
304 305
304 306
305 306
305 307
306 307
306 308
307 308
307 309
308 309
308 310
309 310
309 311
310 311
310 312
311 312
311 313
312 313
312 314
313 314
313 315
314 315
314 316
315 316
315 317
316 317
316 318
317 318
317 319
318 319
318 320
319 320
319 321
320 321
320 322
321 322
321 323
322 323
322 324
323 324
323 325
324 325
324 326
325 326
325 327
326 327
326 328
327 328
327 329
328 329
328 330
329 330
329 331
330 331
330 332
331 332
331 333
332 333
332 334
333 334
333 335
334 335
334 336
335 336
335 337
336 337
336 338
337 338
337 339
338 339
338 340
339 340
339 341
340 341
340 342
341 342
341 343
342 343
342 344
343 344
343 345
344 345
344 346
345 346
345 347
346 347
346 348
347 348
347 349
348 349
348 350
349 350
349 351
350 351
350 352
351 352
351 353
352 353
352 354
353 354
353 355
354 355
354 356
355 356
355 357
356 357
356 358
357 358
357 359
358 359
358 360
359 360
359 361
360 361
360 362
361 362
361 363
362 363
362 364
363 364
363 365
364 365
364 366
365 366
365 367
366 367
366 368
367 368
367 369
368 369
368 370
369 370
369 371
370 371
370 372
371 372
371 373
372 373
372 374
373 374
373 375
374 375
374 376
375 376
375 377
376 377
376 378
377 378
377 379
378 379
378 380
379 380
379 381
380 381
380 382
381 382
381 383
382 383
382 384
383 384
383 385
384 385
384 386
385 386
385 387
386 387
386 388
387 388
387 389
388 389
388 390
389 390
389 391
390 391
390 392
391 392
391 393
392 393
392 394
393 394
393 395
394 395
394 396
395 396
395 397
396 397
396 398
397 398
397 399
398 399
398 400
399 400
399 401
400 401
400 402
401 402
401 403
402 403
402 404
403 404
403 405
404 405
404 406
405 406
405 407
406 407
406 408
407 408
407 409
408 409
408 410
409 410
409 411
410 411
410 412
411 412
411 413
412 413
412 414
413 414
413 415
414 415
414 416
415 416
415 417
416 417
416 418
417 418
417 419
418 419
418 420
419 420
419 421
420 421
420 422
421 422
421 423
422 423
422 424
423 424
423 425
424 425
424 426
425 426
425 427
426 427
426 428
427 428
427 429
428 429
428 430
429 430
429 431
430 431
430 432
431 432
431 433
432 433
432 434
433 434
433 435
434 435
434 436
435 436
435 437
436 437
436 438
437 438
437 439
438 439
438 440
439 440
439 441
440 441
440 442
441 442
441 443
442 443
442 444
443 444
443 445
444 445
444 446
445 446
445 447
446 447
446 448
447 448
447 449
448 449
448 450
449 450
449 451
450 451
450 452
451 452
451 453
452 453
452 454
453 454
453 455
454 455
454 456
455 456
455 457
456 457
456 458
457 458
457 459
458 459
458 460
459 460
459 461
460 461
460 462
461 462
461 463
462 463
462 464
463 464
463 465
464 465
464 466
465 466
465 467
466 467
466 468
467 468
467 469
468 469
468 470
469 470
469 471
470 471
470 472
471 472
471 473
472 473
472 474
473 474
473 475
474 475
474 476
475 476
475 477
476 477
476 478
477 478
477 479
478 479
478 480
479 480
479 481
480 481
480 482
481 482
481 483
482 483
482 484
483 484
483 485
484 485
484 486
485 486
485 487
486 487
486 488
487 488
487 489
488 489
488 490
489 490
489 491
490 491
490 492
491 492
491 493
492 493
492 494
493 494
493 495
494 495
494 496
495 496
495 497
496 497
496 498
497 498
497 499
498 499
498 500
499 500
499 501
500 501
500 502
501 502
501 503
502 503
502 504
503 504
503 505
504 505
504 506
505 506
505 507
506 507
506 508
507 508
507 509
508 509
508 510
509 510
509 511
510 511
510 512
511 512
511 513
512 513
512 514
513 514
513 515
514 515
514 516
515 516
515 517
516 517
516 518
517 518
517 519
518 519
518 520
519 520
519 521
520 521
520 522
521 522
521 523
522 523
522 524
523 524
523 525
524 525
524 526
525 526
525 527
526 527
526 528
527 528
527 529
528 529
528 530
529 530
529 531
530 531
530 532
531 532
531 533
532 533
532 534
533 534
533 535
534 535
534 536
535 536
535 537
536 537
536 538
537 538
537 539
538 539
538 540
539 540
539 541
540 541
540 542
541 542
541 543
542 543
542 544
543 544
543 545
544 545
544 546
545 546
545 547
546 547
546 548
547 548
547 549
548 549
548 550
549 550
549 551
550 551
550 552
551 552
551 553
552 553
552 554
553 554
553 555
554 555
554 556
555 556
555 557
556 557
556 558
557 558
557 559
558 559
558 560
559 560
559 561
560 561
560 562
561 562
561 563
562 563
562 564
563 564
563 565
564 565
564 566
565 566
565 567
566 567
566 568
567 568
567 569
568 569
568 570
569 570
569 571
570 571
570 572
571 572
571 573
572 573
572 574
573 574
573 575
574 575
574 576
575 576
575 577
576 577
576 578
577 578
577 579
578 579
578 580
579 580
579 581
580 581
580 582
581 582
581 583
582 583
582 584
583 584
583 585
584 585
584 586
585 586
585 587
586 587
586 588
587 588
587 589
588 589
588 590
589 590
589 591
590 591
590 592
591 592
591 593
592 593
592 594
593 594
593 595
594 595
594 596
595 596
595 597
596 597
596 598
597 598
597 599
598 599
598 600
599 600
599 601
600 601
600 602
601 602
601 603
602 603
602 604
603 604
603 605
604 605
604 606
605 606
605 607
606 607
606 608
607 608
607 609
608 609
608 610
609 610
609 611
610 611
610 612
611 612
611 613
612 613
612 614
613 614
613 615
614 615
614 616
615 616
615 617
616 617
616 618
617 618
617 619
618 619
618 620
619 620
619 621
620 621
620 622
621 622
621 623
622 623
622 624
623 624
623 625
624 625
624 626
625 626
625 627
626 627
626 628
627 628
627 629
628 629
628 630
629 630
629 631
630 631
630 632
631 632
631 633
632 633
632 634
633 634
633 635
634 635
634 636
635 636
635 637
636 637
636 638
637 638
637 639
638 639
638 640
639 640
639 641
640 641
640 642
641 642
641 643
642 643
642 644
643 644
643 645
644 645
644 646
645 646
645 647
646 647
646 648
647 648
647 649
648 649
648 650
649 650
649 651
650 651
650 652
651 652
651 653
652 653
652 654
653 654
653 655
654 655
654 656
655 656
655 657
656 657
656 658
657 658
657 659
658 659
658 660
659 660
659 661
660 661
660 662
661 662
661 663
662 663
662 664
663 664
663 665
664 665
664 666
665 666
665 667
666 667
666 668
667 668
667 669
668 669
668 670
669 670
669 671
670 671
670 672
671 672
671 673
672 673
672 674
673 674
673 675
674 675
674 676
675 676
675 677
676 677
676 678
677 678
677 679
678 679
678 680
679 680
679 681
680 681
680 682
681 682
681 683
682 683
682 684
683 684
683 685
684 685
684 686
685 686
685 687
686 687
686 688
687 688
687 689
688 689
688 690
689 690
689 691
690 691
690 692
691 692
691 693
692 693
692 694
693 694
693 695
694 695
694 696
695 696
695 697
696 697
696 698
697 698
697 699
698 699
698 700
699 700
699 701
700 701
700 702
701 702
701 703
702 703
702 704
703 704
703 705
704 705
704 706
705 706
705 707
706 707
706 708
707 708
707 709
708 709
708 710
709 710
709 711
710 711
710 712
711 712
711 713
712 713
712 714
713 714
713 715
714 715
714 716
715 716
715 717
716 717
716 718
717 718
717 719
718 719
718 720
719 720
719 721
720 721
720 722
721 722
721 723
722 723
722 724
723 724
723 725
724 725
724 726
725 726
725 727
726 727
726 728
727 728
727 729
728 729
728 730
729 730
729 731
730 731
730 732
731 732
731 733
732 733
732 734
733 734
733 735
734 735
734 736
735 736
735 737
736 737
736 738
737 738
737 739
738 739
738 740
739 740
739 741
740 741
740 742
741 742
741 743
742 743
742 744
743 744
743 745
744 745
744 746
745 746
745 747
746 747
746 748
747 748
747 749
748 749
748 750
749 750
749 751
750 751
750 752
751 752
751 753
752 753
752 754
753 754
753 755
754 755
754 756
755 756
755 757
756 757
756 758
757 758
757 759
758 759
758 760
759 760
759 761
760 761
760 762
761 762
761 763
762 763
762 764
763 764
763 765
764 765
764 766
765 766
765 767
766 767
766 768
767 768
767 769
768 769
768 770
769 770
769 771
770 771
770 772
771 772
771 773
772 773
772 774
773 774
773 775
774 775
774 776
775 776
775 777
776 777
776 778
777 778
777 779
778 779
778 780
779 780
779 781
780 781
780 782
781 782
781 783
782 783
782 784
783 784
783 785
784 785
784 786
785 786
785 787
786 787
786 788
787 788
787 789
788 789
788 790
789 790
789 791
790 791
790 792
791 792
791 793
792 793
792 794
793 794
793 795
794 795
794 796
795 796
795 797
796 797
796 798
797 798
797 799
798 799
798 800
799 800
799 801
800 801
800 802
801 802
801 803
802 803
802 804
803 804
803 805
804 805
804 806
805 806
805 807
806 807
806 808
807 808
807 809
808 809
808 810
809 810
809 811
810 811
810 812
811 812
811 813
812 813
812 814
813 814
813 815
814 815
814 816
815 816
815 817
816 817
816 818
817 818
817 819
818 819
818 820
819 820
819 821
820 821
820 822
821 822
821 823
822 823
822 824
823 824
823 825
824 825
824 826
825 826
825 827
826 827
826 828
827 828
827 829
828 829
828 830
829 830
829 831
830 831
830 832
831 832
831 833
832 833
832 834
833 834
833 835
834 835
834 836
835 836
835 837
836 837
836 838
837 838
837 839
838 839
838 840
839 840
839 841
840 841
840 842
841 842
841 843
842 843
842 844
843 844
843 845
844 845
844 846
845 846
845 847
846 847
846 848
847 848
847 849
848 849
848 850
849 850
849 851
850 851
850 852
851 852
851 853
852 853
852 854
853 854
853 855
854 855
854 856
855 856
855 857
856 857
856 858
857 858
857 859
858 859
858 860
859 860
859 861
860 861
860 862
861 862
861 863
862 863
862 864
863 864
863 865
864 865
864 866
865 866
865 867
866 867
866 868
867 868
867 869
868 869
868 870
869 870
869 871
870 871
870 872
871 872
871 873
872 873
872 874
873 874
873 875
874 875
874 876
875 876
875 877
876 877
876 878
877 878
877 879
878 879
878 880
879 880
879 881
880 881
880 882
881 882
881 883
882 883
882 884
883 884
883 885
884 885
884 886
885 886
885 887
886 887
886 888
887 888
887 889
888 889
888 890
889 890
889 891
890 891
890 892
891 892
891 893
892 893
892 894
893 894
893 895
894 895
894 896
895 896
895 897
896 897
896 898
897 898
897 899
898 899
898 900
899 900
899 901
900 901
900 902
901 902
901 903
902 903
902 904
903 904
903 905
904 905
904 906
905 906
905 907
906 907
906 908
907 908
907 909
908 909
908 910
909 910
909 911
910 911
910 912
911 912
911 913
912 913
912 914
913 914
913 915
914 915
914 916
915 916
915 917
916 917
916 918
917 918
917 919
918 919
918 920
919 920
919 921
920 921
920 922
921 922
921 923
922 923
922 924
923 924
923 925
924 925
924 926
925 926
925 927
926 927
926 928
927 928
927 929
928 929
928 930
929 930
929 931
930 931
930 932
931 932
931 933
932 933
932 934
933 934
933 935
934 935
934 936
935 936
935 937
936 937
936 938
937 938
937 939
938 939
938 940
939 940
939 941
940 941
940 942
941 942
941 943
942 943
942 944
943 944
943 945
944 945
944 946
945 946
945 947
946 947
946 948
947 948
947 949
948 949
948 950
949 950
949 951
950 951
950 952
951 952
951 953
952 953
952 954
953 954
953 955
954 955
954 956
955 956
955 957
956 957
956 958
957 958
957 959
958 959
958 960
959 960
959 961
960 961
960 962
961 962
961 963
962 963
962 964
963 964
963 965
964 965
964 966
965 966
965 967
966 967
966 968
967 968
967 969
968 969
968 970
969 970
969 971
970 971
970 972
971 972
971 973
972 973
972 974
973 974
973 975
974 975
974 976
975 976
975 977
976 977
976 978
977 978
977 979
978 979
978 980
979 980
979 981
980 981
980 982
981 982
981 983
982 983
982 984
983 984
983 985
984 985
984 986
985 986
985 987
986 987
986 988
987 988
987 989
988 989
988 990
989 990
989 991
990 991
990 992
991 992
991 993
992 993
992 994
993 994
993 995
994 995
994 996
995 996
995 997
996 997
996 998
997 998
997 999
998 999
998 1000
999 1000
999 1001
1000 1001
1000 1002
1001 1002
1001 1003
1002 1003
1002 1004
1003 1004
1003 1005
1004 1005
1004 1006
1005 1006
1005 1007
1006 1007
1006 1008
1007 1008
1007 1009
1008 1009
1008 1010
1009 1010
1009 1011
1010 1011
1010 1012
1011 1012
1011 1013
1012 1013
1012 1014
1013 1014
1013 1015
1014 1015
1014 1016
1015 1016
1015 1017
1016 1017
1016 1018
1017 1018
1017 1019
1018 1019
1018 1020
1019 1020
1019 1021
1020 1021
1020 1022
1021 1022
1021 1023
1022 1023
1022 1024
1023 1024
1023 1025
1024 1025
1024 1026
1025 1026
1025 1027
1026 1027
1026 1028
1027 1028
1027 1029
1028 1029
1028 1030
1029 1030
1029 1031
1030 1031
1030 1032
1031 1032
1031 1033
1032 1033
1032 1034
1033 1034
1033 1035
1034 1035
1034 1036
1035 1036
1035 1037
1036 1037
1036 1038
1037 1038
1037 1039
1038 1039
1038 1040
1039 1040
1039 1041
1040 1041
1040 1042
1041 1042
1041 1043
1042 1043
1042 1044
1043 1044
1043 1045
1044 1045
1044 1046
1045 1046
1045 1047
1046 1047
1046 1048
1047 1048
1047 1049
1048 1049
1048 1050
1049 1050
1049 1051
1050 1051
1050 1052
1051 1052
1051 1053
1052 1053
1052 1054
1053 1054
1053 1055
1054 1055
1054 1056
1055 1056
1055 1057
1056 1057
1056 1058
1057 1058
1057 1059
1058 1059
1058 1060
1059 1060
1059 1061
1060 1061
1060 1062
1061 1062
1061 1063
1062 1063
1062 1064
1063 1064
1063 1065
1064 1065
1064 1066
1065 1066
1065 1067
1066 1067
1066 1068
1067 1068
1067 1069
1068 1069
1068 1070
1069 1070
1069 1071
1070 1071
1070 1072
1071 1072
1071 1073
1072 1073
1072 1074
1073 1074
1073 1075
1074 1075
1074 1076
1075 1076
1075 1077
1076 1077
1076 1078
1077 1078
1077 1079
1078 1079
1078 1080
1079 1080
1079 1081
1080 1081
1080 1082
1081 1082
1081 1083
1082 1083
1082 1084
1083 1084
1083 1085
1084 1085
1084 1086
1085 1086
1085 1087
1086 1087
1086 1088
1087 1088
1087 1089
1088 1089
1088 1090
1089 1090
1089 1091
1090 1091
1090 1092
1091 1092
1091 1093
1092 1093
1092 1094
1093 1094
1093 1095
1094 1095
1094 1096
1095 1096
1095 1097
1096 1097
1096 1098
1097 1098
1097 1099
1098 1099
1098 1100
1099 1100
1099 1101
1100 1101
1100 1102
1101 1102
1101 1103
1102 1103
1102 1104
1103 1104
1103 1105
1104 1105
1104 1106
1105 1106
1105 1107
1106 1107
1106 1108
1107 1108
1107 1109
1108 1109
1108 1110
1109 1110
1109 1111
1110 1111
1110 1112
1111 1112
1111 1113
1112 1113
1112 1114
1113 1114
1113 1115
1114 1115
1114 1116
1115 1116
1115 1117
1116 1117
1116 1118
1117 1118
1117 1119
1118 1119
1118 1120
1119 1120
1119 1121
1120 1121
1120 1122
1121 1122
1121 1123
1122 1123
1122 1124
1123 1124
1123 1125
1124 1125
1124 1126
1125 1126
1125 1127
1126 1127
1126 1128
1127 1128
1127 1129
1128 1129
1128 1130
1129 1130
1129 1131
1130 1131
1130 1132
1131 1132
1131 1133
1132 1133
1132 1134
1133 1134
1133 1135
1134 1135
1134 1136
1135 1136
1135 1137
1136 1137
1136 1138
1137 1138
1137 1139
1138 1139
1138 1140
1139 1140
1139 1141
1140 1141
1140 1142
1141 1142
1141 1143
1142 1143
1142 1144
1143 1144
1143 1145
1144 1145
1144 1146
1145 1146
1145 1147
1146 1147
1146 1148
1147 1148
1147 1149
1148 1149
1148 1150
1149 1150
1149 1151
1150 1151
1150 1152
1151 1152
1151 1153
1152 1153
1152 1154
1153 1154
1153 1155
1154 1155
1154 1156
1155 1156
1155 1157
1156 1157
1156 1158
1157 1158
1157 1159
1158 1159
1158 1160
1159 1160
1159 1161
1160 1161
1160 1162
1161 1162
1161 1163
1162 1163
1162 1164
1163 1164
1163 1165
1164 1165
1164 1166
1165 1166
1165 1167
1166 1167
1166 1168
1167 1168
1167 1169
1168 1169
1168 1170
1169 1170
1169 1171
1170 1171
1170 1172
1171 1172
1171 1173
1172 1173
1172 1174
1173 1174
1173 1175
1174 1175
1174 1176
1175 1176
1175 1177
1176 1177
1176 1178
1177 1178
1177 1179
1178 1179
1178 1180
1179 1180
1179 1181
1180 1181
1180 1182
1181 1182
1181 1183
1182 1183
1182 1184
1183 1184
1183 1185
1184 1185
1184 1186
1185 1186
1185 1187
1186 1187
1186 1188
1187 1188
1187 1189
1188 1189
1188 1190
1189 1190
1189 1191
1190 1191
1190 1192
1191 1192
1191 1193
1192 1193
1192 1194
1193 1194
1193 1195
1194 1195
1194 1196
1195 1196
1195 1197
1196 1197
1196 1198
1197 1198
1197 1199
1198 1199
1198 1200
1199 1200
1199 1201
1200 1201
1200 1202
1201 1202
1201 1203
1202 1203
1202 1204
1203 1204
1203 1205
1204 1205
1204 1206
1205 1206
1205 1207
1206 1207
1206 1208
1207 1208
1207 1209
1208 1209
1208 1210
1209 1210
1209 1211
1210 1211
1210 1212
1211 1212
1211 1213
1212 1213
1212 1214
1213 1214
1213 1215
1214 1215
1214 1216
1215 1216
1215 1217
1216 1217
1216 1218
1217 1218
1217 1219
1218 1219
1218 1220
1219 1220
1219 1221
1220 1221
1220 1222
1221 1222
1221 1223
1222 1223
1222 1224
1223 1224
1223 1225
1224 1225
1224 1226
1225 1226
1225 1227
1226 1227
1226 1228
1227 1228
1227 1229
1228 1229
1228 1230
1229 1230
1229 1231
1230 1231
1230 1232
1231 1232
1231 1233
1232 1233
1232 1234
1233 1234
1233 1235
1234 1235
1234 1236
1235 1236
1235 1237
1236 1237
1236 1238
1237 1238
1237 1239
1238 1239
1238 1240
1239 1240
1239 1241
1240 1241
1240 1242
1241 1242
1241 1243
1242 1243
1242 1244
1243 1244
1243 1245
1244 1245
1244 1246
1245 1246
1245 1247
1246 1247
1246 1248
1247 1248
1247 1249
1248 1249
1248 1250
1249 1250
1249 1251
1250 1251
1250 1252
1251 1252
1251 1253
1252 1253
1252 1254
1253 1254
1253 1255
1254 1255
1254 1256
1255 1256
1255 1257
1256 1257
1256 1258
1257 1258
1257 1259
1258 1259
1258 1260
1259 1260
1259 1261
1260 1261
1260 1262
1261 1262
1261 1263
1262 1263
1262 1264
1263 1264
1263 1265
1264 1265
1264 1266
1265 1266
1265 1267
1266 1267
1266 1268
1267 1268
1267 1269
1268 1269
1268 1270
1269 1270
1269 1271
1270 1271
1270 1272
1271 1272
1271 1273
1272 1273
1272 1274
1273 1274
1273 1275
1274 1275
1274 1276
1275 1276
1275 1277
1276 1277
1276 1278
1277 1278
1277 1279
1278 1279
1278 1280
1279 1280
1279 1281
1280 1281
1280 1282
1281 1282
1281 1283
1282 1283
1282 1284
1283 1284
1283 1285
1284 1285
1284 1286
1285 1286
1285 1287
1286 1287
1286 1288
1287 1288
1287 1289
1288 1289
1288 1290
1289 1290
1289 1291
1290 1291
1290 1292
1291 1292
1291 1293
1292 1293
1292 1294
1293 1294
1293 1295
1294 1295
1294 1296
1295 1296
1295 1297
1296 1297
1296 1298
1297 1298
1297 1299
1298 1299
1298 1300
1299 1300
1299 1301
1300 1301
1300 1302
1301 1302
1301 1303
1302 1303
1302 1304
1303 1304
1303 1305
1304 1305
1304 1306
1305 1306
1305 1307
1306 1307
1306 1308
1307 1308
1307 1309
1308 1309
1308 1310
1309 1310
1309 1311
1310 1311
1310 1312
1311 1312
1311 1313
1312 1313
1312 1314
1313 1314
1313 1315
1314 1315
1314 1316
1315 1316
1315 1317
1316 1317
1316 1318
1317 1318
1317 1319
1318 1319
1318 1320
1319 1320
1319 1321
1320 1321
1320 1322
1321 1322
1321 1323
1322 1323
1322 1324
1323 1324
1323 1325
1324 1325
1324 1326
1325 1326
1325 1327
1326 1327
1326 1328
1327 1328
1327 1329
1328 1329
1328 1330
1329 1330
1329 1331
1330 1331
1330 1332
1331 1332
1331 1333
1332 1333
1332 1334
1333 1334
1333 1335
1334 1335
1334 1336
1335 1336
1335 1337
1336 1337
1336 1338
1337 1338
1337 1339
1338 1339
1338 1340
1339 1340
1339 1341
1340 1341
1340 1342
1341 1342
1341 1343
1342 1343
1342 1344
1343 1344
1343 1345
1344 1345
1344 1346
1345 1346
1345 1347
1346 1347
1346 1348
1347 1348
1347 1349
1348 1349
1348 1350
1349 1350
1349 1351
1350 1351
1350 1352
1351 1352
1351 1353
1352 1353
1352 1354
1353 1354
1353 1355
1354 1355
1354 1356
1355 1356
1355 1357
1356 1357
1356 1358
1357 1358
1357 1359
1358 1359
1358 1360
1359 1360
1359 1361
1360 1361
1360 1362
1361 1362
1361 1363
1362 1363
1362 1364
1363 1364
1363 1365
1364 1365
1364 1366
1365 1366
1365 1367
1366 1367
1366 1368
1367 1368
1367 1369
1368 1369
1368 1370
1369 1370
1369 1371
1370 1371
1370 1372
1371 1372
1371 1373
1372 1373
1372 1374
1373 1374
1373 1375
1374 1375
1374 1376
1375 1376
1375 1377
1376 1377
1376 1378
1377 1378
1377 1379
1378 1379
1378 1380
1379 1380
1379 1381
1380 1381
1380 1382
1381 1382
1381 1383
1382 1383
1382 1384
1383 1384
1383 1385
1384 1385
1384 1386
1385 1386
1385 1387
1386 1387
1386 1388
1387 1388
1387 1389
1388 1389
1388 1390
1389 1390
1389 1391
1390 1391
1390 1392
1391 1392
1391 1393
1392 1393
1392 1394
1393 1394
1393 1395
1394 1395
1394 1396
1395 1396
1395 1397
1396 1397
1396 1398
1397 1398
1397 1399
1398 1399
1398 1400
1399 1400
1399 1401
1400 1401
1400 1402
1401 1402
1401 1403
1402 1403
1402 1404
1403 1404
1403 1405
1404 1405
1404 1406
1405 1406
1405 1407
1406 1407
1406 1408
1407 1408
1407 1409
1408 1409
1408 1410
1409 1410
1409 1411
1410 1411
1410 1412
1411 1412
1411 1413
1412 1413
1412 1414
1413 1414
1413 1415
1414 1415
1414 1416
1415 1416
1415 1417
1416 1417
1416 1418
1417 1418
1417 1419
1418 1419
1418 1420
1419 1420
1419 1421
1420 1421
1420 1422
1421 1422
1421 1423
1422 1423
1422 1424
1423 1424
1423 1425
1424 1425
1424 1426
1425 1426
1425 1427
1426 1427
1426 1428
1427 1428
1427 1429
1428 1429
1428 1430
1429 1430
1429 1431
1430 1431
1430 1432
1431 1432
1431 1433
1432 1433
1432 1434
1433 1434
1433 1435
1434 1435
1434 1436
1435 1436
1435 1437
1436 1437
1436 1438
1437 1438
1437 1439
1438 1439
1438 1440
1439 1440
1439 1441
1440 1441
1440 1442
1441 1442
1441 1443
1442 1443
1442 1444
1443 1444
1443 1445
1444 1445
1444 1446
1445 1446
1445 1447
1446 1447
1446 1448
1447 1448
1447 1449
1448 1449
1448 1450
1449 1450
1449 1451
1450 1451
1450 1452
1451 1452
1451 1453
1452 1453
1452 1454
1453 1454
1453 1455
1454 1455
1454 1456
1455 1456
1455 1457
1456 1457
1456 1458
1457 1458
1457 1459
1458 1459
1458 1460
1459 1460
1459 1461
1460 1461
1460 1462
1461 1462
1461 1463
1462 1463
1462 1464
1463 1464
1463 1465
1464 1465
1464 1466
1465 1466
1465 1467
1466 1467
1466 1468
1467 1468
1467 1469
1468 1469
1468 1470
1469 1470
1469 1471
1470 1471
1470 1472
1471 1472
1471 1473
1472 1473
1472 1474
1473 1474
1473 1475
1474 1475
1474 1476
1475 1476
1475 1477
1476 1477
1476 1478
1477 1478
1477 1479
1478 1479
1478 1480
1479 1480
1479 1481
1480 1481
1480 1482
1481 1482
1481 1483
1482 1483
1482 1484
1483 1484
1483 1485
1484 1485
1484 1486
1485 1486
1485 1487
1486 1487
1486 1488
1487 1488
1487 1489
1488 1489
1488 1490
1489 1490
1489 1491
1490 1491
1490 1492
1491 1492
1491 1493
1492 1493
1492 1494
1493 1494
1493 1495
1494 1495
1494 1496
1495 1496
1495 1497
1496 1497
1496 1498
1497 1498
1497 1499
1498 1499
1498 1500
1499 1500
1499 1501
1500 1501
1500 1502
1501 1502
1501 1503
1502 1503
1502 1504
1503 1504
1503 1505
1504 1505
1504 1506
1505 1506
1505 1507
1506 1507
1506 1508
1507 1508
1507 1509
1508 1509
1508 1510
1509 1510
1509 1511
1510 1511
1510 1512
1511 1512
1511 1513
1512 1513
1512 1514
1513 1514
1513 1515
1514 1515
1514 1516
1515 1516
1515 1517
1516 1517
1516 1518
1517 1518
1517 1519
1518 1519
1518 1520
1519 1520
1519 1521
1520 1521
1520 1522
1521 1522
1521 1523
1522 1523
1522 1524
1523 1524
1523 1525
1524 1525
1524 1526
1525 1526
1525 1527
1526 1527
1526 1528
1527 1528
1527 1529
1528 1529
1528 1530
1529 1530
1529 1531
1530 1531
1530 1532
1531 1532
1531 1533
1532 1533
1532 1534
1533 1534
1533 1535
1534 1535
1534 1536
1535 1536
1535 1537
1536 1537
1536 1538
1537 1538
1537 1539
1538 1539
1538 1540
1539 1540
1539 1541
1540 1541
1540 1542
1541 1542
1541 1543
1542 1543
1542 1544
1543 1544
1543 1545
1544 1545
1544 1546
1545 1546
1545 1547
1546 1547
1546 1548
1547 1548
1547 1549
1548 1549
1548 1550
1549 1550
1549 1551
1550 1551
1550 1552
1551 1552
1551 1553
1552 1553
1552 1554
1553 1554
1553 1555
1554 1555
1554 1556
1555 1556
1555 1557
1556 1557
1556 1558
1557 1558
1557 1559
1558 1559
1558 1560
1559 1560
1559 1561
1560 1561
1560 1562
1561 1562
1561 1563
1562 1563
1562 1564
1563 1564
1563 1565
1564 1565
1564 1566
1565 1566
1565 1567
1566 1567
1566 1568
1567 1568
1567 1569
1568 1569
1568 1570
1569 1570
1569 1571
1570 1571
1570 1572
1571 1572
1571 1573
1572 1573
1572 1574
1573 1574
1573 1575
1574 1575
1574 1576
1575 1576
1575 1577
1576 1577
1576 1578
1577 1578
1577 1579
1578 1579
1578 1580
1579 1580
1579 1581
1580 1581
1580 1582
1581 1582
1581 1583
1582 1583
1582 1584
1583 1584
1583 1585
1584 1585
1584 1586
1585 1586
1585 1587
1586 1587
1586 1588
1587 1588
1587 1589
1588 1589
1588 1590
1589 1590
1589 1591
1590 1591
1590 1592
1591 1592
1591 1593
1592 1593
1592 1594
1593 1594
1593 1595
1594 1595
1594 1596
1595 1596
1595 1597
1596 1597
1596 1598
1597 1598
1597 1599
1598 1599
1598 1600
1599 1600
1599 1601
1600 1601
1600 1602
1601 1602
1601 1603
1602 1603
1602 1604
1603 1604
1603 1605
1604 1605
1604 1606
1605 1606
1605 1607
1606 1607
1606 1608
1607 1608
1607 1609
1608 1609
1608 1610
1609 1610
1609 1611
1610 1611
1610 1612
1611 1612
1611 1613
1612 1613
1612 1614
1613 1614
1613 1615
1614 1615
1614 1616
1615 1616
1615 1617
1616 1617
1616 1618
1617 1618
1617 1619
1618 1619
1618 1620
1619 1620
1619 1621
1620 1621
1620 1622
1621 1622
1621 1623
1622 1623
1622 1624
1623 1624
1623 1625
1624 1625
1624 1626
1625 1626
1625 1627
1626 1627
1626 1628
1627 1628
1627 1629
1628 1629
1628 1630
1629 1630
1629 1631
1630 1631
1630 1632
1631 1632
1631 1633
1632 1633
1632 1634
1633 1634
1633 1635
1634 1635
1634 1636
1635 1636
1635 1637
1636 1637
1636 1638
1637 1638
1637 1639
1638 1639
1638 1640
1639 1640
1639 1641
1640 1641
1640 1642
1641 1642
1641 1643
1642 1643
1642 1644
1643 1644
1643 1645
1644 1645
1644 1646
1645 1646
1645 1647
1646 1647
1646 1648
1647 1648
1647 1649
1648 1649
1648 1650
1649 1650
1649 1651
1650 1651
1650 1652
1651 1652
1651 1653
1652 1653
1652 1654
1653 1654
1653 1655
1654 1655
1654 1656
1655 1656
1655 1657
1656 1657
1656 1658
1657 1658
1657 1659
1658 1659
1658 1660
1659 1660
1659 1661
1660 1661
1660 1662
1661 1662
1661 1663
1662 1663
1662 1664
1663 1664
1663 1665
1664 1665
1664 1666
1665 1666
1665 1667
1666 1667
1666 1668
1667 1668
1667 1669
1668 1669
1668 1670
1669 1670
1669 1671
1670 1671
1670 1672
1671 1672
1671 1673
1672 1673
1672 1674
1673 1674
1673 1675
1674 1675
1674 1676
1675 1676
1675 1677
1676 1677
1676 1678
1677 1678
1677 1679
1678 1679
1678 1680
1679 1680
1679 1681
1680 1681
1680 1682
1681 1682
1681 1683
1682 1683
1682 1684
1683 1684
1683 1685
1684 1685
1684 1686
1685 1686
1685 1687
1686 1687
1686 1688
1687 1688
1687 1689
1688 1689
1688 1690
1689 1690
1689 1691
1690 1691
1690 1692
1691 1692
1691 1693
1692 1693
1692 1694
1693 1694
1693 1695
1694 1695
1694 1696
1695 1696
1695 1697
1696 1697
1696 1698
1697 1698
1697 1699
1698 1699
1698 1700
1699 1700
1699 1701
1700 1701
1700 1702
1701 1702
1701 1703
1702 1703
1702 1704
1703 1704
1703 1705
1704 1705
1704 1706
1705 1706
1705 1707
1706 1707
1706 1708
1707 1708
1707 1709
1708 1709
1708 1710
1709 1710
1709 1711
1710 1711
1710 1712
1711 1712
1711 1713
1712 1713
1712 1714
1713 1714
1713 1715
1714 1715
1714 1716
1715 1716
1715 1717
1716 1717
1716 1718
1717 1718
1717 1719
1718 1719
1718 1720
1719 1720
1719 1721
1720 1721
1720 1722
1721 1722
1721 1723
1722 1723
1722 1724
1723 1724
1723 1725
1724 1725
1724 1726
1725 1726
1725 1727
1726 1727
1726 1728
1727 1728
1727 1729
1728 1729
1728 1730
1729 1730
1729 1731
1730 1731
1730 1732
1731 1732
1731 1733
1732 1733
1732 1734
1733 1734
1733 1735
1734 1735
1734 1736
1735 1736
1735 1737
1736 1737
1736 1738
1737 1738
1737 1739
1738 1739
1738 1740
1739 1740
1739 1741
1740 1741
1740 1742
1741 1742
1741 1743
1742 1743
1742 1744
1743 1744
1743 1745
1744 1745
1744 1746
1745 1746
1745 1747
1746 1747
1746 1748
1747 1748
1747 1749
1748 1749
1748 1750
1749 1750
1749 1751
1750 1751
1750 1752
1751 1752
1751 1753
1752 1753
1752 1754
1753 1754
1753 1755
1754 1755
1754 1756
1755 1756
1755 1757
1756 1757
1756 1758
1757 1758
1757 1759
1758 1759
1758 1760
1759 1760
1759 1761
1760 1761
1760 1762
1761 1762
1761 1763
1762 1763
1762 1764
1763 1764
1763 1765
1764 1765
1764 1766
1765 1766
1765 1767
1766 1767
1766 1768
1767 1768
1767 1769
1768 1769
1768 1770
1769 1770
1769 1771
1770 1771
1770 1772
1771 1772
1771 1773
1772 1773
1772 1774
1773 1774
1773 1775
1774 1775
1774 1776
1775 1776
1775 1777
1776 1777
1776 1778
1777 1778
1777 1779
1778 1779
1778 1780
1779 1780
1779 1781
1780 1781
1780 1782
1781 1782
1781 1783
1782 1783
1782 1784
1783 1784
1783 1785
1784 1785
1784 1786
1785 1786
1785 1787
1786 1787
1786 1788
1787 1788
1787 1789
1788 1789
1788 1790
1789 1790
1789 1791
1790 1791
1790 1792
1791 1792
1791 1793
1792 1793
1792 1794
1793 1794
1793 1795
1794 1795
1794 1796
1795 1796
1795 1797
1796 1797
1796 1798
1797 1798
1797 1799
1798 1799
1798 1800
1799 1800
1799 1801
1800 1801
1800 1802
1801 1802
1801 1803
1802 1803
1802 1804
1803 1804
1803 1805
1804 1805
1804 1806
1805 1806
1805 1807
1806 1807
1806 1808
1807 1808
1807 1809
1808 1809
1808 1810
1809 1810
1809 1811
1810 1811
1810 1812
1811 1812
1811 1813
1812 1813
1812 1814
1813 1814
1813 1815
1814 1815
1814 1816
1815 1816
1815 1817
1816 1817
1816 1818
1817 1818
1817 1819
1818 1819
1818 1820
1819 1820
1819 1821
1820 1821
1820 1822
1821 1822
1821 1823
1822 1823
1822 1824
1823 1824
1823 1825
1824 1825
1824 1826
1825 1826
1825 1827
1826 1827
1826 1828
1827 1828
1827 1829
1828 1829
1828 1830
1829 1830
1829 1831
1830 1831
1830 1832
1831 1832
1831 1833
1832 1833
1832 1834
1833 1834
1833 1835
1834 1835
1834 1836
1835 1836
1835 1837
1836 1837
1836 1838
1837 1838
1837 1839
1838 1839
1838 1840
1839 1840
1839 1841
1840 1841
1840 1842
1841 1842
1841 1843
1842 1843
1842 1844
1843 1844
1843 1845
1844 1845
1844 1846
1845 1846
1845 1847
1846 1847
1846 1848
1847 1848
1847 1849
1848 1849
1848 1850
1849 1850
1849 1851
1850 1851
1850 1852
1851 1852
1851 1853
1852 1853
1852 1854
1853 1854
1853 1855
1854 1855
1854 1856
1855 1856
1855 1857
1856 1857
1856 1858
1857 1858
1857 1859
1858 1859
1858 1860
1859 1860
1859 1861
1860 1861
1860 1862
1861 1862
1861 1863
1862 1863
1862 1864
1863 1864
1863 1865
1864 1865
1864 1866
1865 1866
1865 1867
1866 1867
1866 1868
1867 1868
1867 1869
1868 1869
1868 1870
1869 1870
1869 1871
1870 1871
1870 1872
1871 1872
1871 1873
1872 1873
1872 1874
1873 1874
1873 1875
1874 1875
1874 1876
1875 1876
1875 1877
1876 1877
1876 1878
1877 1878
1877 1879
1878 1879
1878 1880
1879 1880
1879 1881
1880 1881
1880 1882
1881 1882
1881 1883
1882 1883
1882 1884
1883 1884
1883 1885
1884 1885
1884 1886
1885 1886
1885 1887
1886 1887
1886 1888
1887 1888
1887 1889
1888 1889
1888 1890
1889 1890
1889 1891
1890 1891
1890 1892
1891 1892
1891 1893
1892 1893
1892 1894
1893 1894
1893 1895
1894 1895
1894 1896
1895 1896
1895 1897
1896 1897
1896 1898
1897 1898
1897 1899
1898 1899
1898 1900
1899 1900
1899 1901
1900 1901
1900 1902
1901 1902
1901 1903
1902 1903
1902 1904
1903 1904
1903 1905
1904 1905
1904 1906
1905 1906
1905 1907
1906 1907
1906 1908
1907 1908
1907 1909
1908 1909
1908 1910
1909 1910
1909 1911
1910 1911
1910 1912
1911 1912
1911 1913
1912 1913
1912 1914
1913 1914
1913 1915
1914 1915
1914 1916
1915 1916
1915 1917
1916 1917
1916 1918
1917 1918
1917 1919
1918 1919
1918 1920
1919 1920
1919 1921
1920 1921
1920 1922
1921 1922
1921 1923
1922 1923
1922 1924
1923 1924
1923 1925
1924 1925
1924 1926
1925 1926
1925 1927
1926 1927
1926 1928
1927 1928
1927 1929
1928 1929
1928 1930
1929 1930
1929 1931
1930 1931
1930 1932
1931 1932
1931 1933
1932 1933
1932 1934
1933 1934
1933 1935
1934 1935
1934 1936
1935 1936
1935 1937
1936 1937
1936 1938
1937 1938
1937 1939
1938 1939
1938 1940
1939 1940
1939 1941
1940 1941
1940 1942
1941 1942
1941 1943
1942 1943
1942 1944
1943 1944
1943 1945
1944 1945
1944 1946
1945 1946
1945 1947
1946 1947
1946 1948
1947 1948
1947 1949
1948 1949
1948 1950
1949 1950
1949 1951
1950 1951
1950 1952
1951 1952
1951 1953
1952 1953
1952 1954
1953 1954
1953 1955
1954 1955
1954 1956
1955 1956
1955 1957
1956 1957
1956 1958
1957 1958
1957 1959
1958 1959
1958 1960
1959 1960
1959 1961
1960 1961
1960 1962
1961 1962
1961 1963
1962 1963
1962 1964
1963 1964
1963 1965
1964 1965
1964 1966
1965 1966
1965 1967
1966 1967
1966 1968
1967 1968
1967 1969
1968 1969
1968 1970
1969 1970
1969 1971
1970 1971
1970 1972
1971 1972
1971 1973
1972 1973
1972 1974
1973 1974
1973 1975
1974 1975
1974 1976
1975 1976
1975 1977
1976 1977
1976 1978
1977 1978
1977 1979
1978 1979
1978 1980
1979 1980
1979 1981
1980 1981
1980 1982
1981 1982
1981 1983
1982 1983
1982 1984
1983 1984
1983 1985
1984 1985
1984 1986
1985 1986
1985 1987
1986 1987
1986 1988
1987 1988
1987 1989
1988 1989
1988 1990
1989 1990
1989 1991
1990 1991
1990 1992
1991 1992
1991 1993
1992 1993
1992 1994
1993 1994
1993 1995
1994 1995
1994 1996
1995 1996
1995 1997
1996 1997
1996 1998
1997 1998
1997 1999
1998 1999
1998 0
1999 0
1999 1
312 633
619 361
1089 324
1075 28
532 750
1028 67
493 397
448 1963
1897 1502
1859 865
1669 953
252 684
836 158
1777 1410
1932 1879
1326 33
792 937
814 8
1380 1141
667 717
1040 779
1018 1514
491 919
1508 840
378 179
431 1882
180 1289
383 771
415 732
955 1330
765 842
1872 630
746 1755
461 1226
288 86
1600 239
1071 997
1306 502
99 432
1673 856
1395 1274
1309 764
731 772
700 305
449 1543
800 10
1239 34
565 1221
1969 422
1936 1151
1959 59
354 1076
1632 1546
60 1698
1005 1815
606 391
1279 1360
1223 1212
1205 470
1133 855
1677 1895
1860 1065
208 1262
901 354
110 1755
781 1668
1060 517
820 1039
736 543
1910 1446
18 1646
1691 9
1085 881
1096 479
1745 934
723 492
940 1735
1546 1011
761 1056
1872 860
1713 861
1811 643
573 385
1267 260
1615 1232
441 378
964 598
994 1800
253 1913
274 1979
1962 1327
1535 456
1082 339
1179 325
68 37
1915 1594
783 1732
1783 263
1715 974
158 1046
213 741
1912 1608
1942 822
395 1374
1965 1880
1460 1845
171 1467
1166 1708
101 715
1040 1560
1723 180
701 1246
1109 1355
1171 1896
742 1266
1672 1043
687 43
1193 1277
194 1885
228 1694
1004 284
1379 88
1354 350
309 645
1779 1573
1768 1975
1807 335
635 789
396 1316
1945 769
1964 1942
1077 1652
723 1232
1751 602
1622 1058
621 1806
1475 1559
871 1515
934 1893
418 1777
769 438
708 733
224 160
1382 598
644 1961
87 294
401 642
1870 368
1920 1329
1714 440
1455 1288
407 1586
1700 1799
846 916
1160 966
933 818
791 1617
1653 926
849 1800
801 954
1332 1850
807 510
1856 962
200 537
931 1877
191 401
1975 1493
1565 1357
926 1447
1285 1572
1013 723
269 9
614 521
1149 691
737 1607
1868 1237
491 1483
792 1738
727 737
1663 613
1681 596
826 1604
269 294
1184 86
1875 1348
1717 1465
1614 185
965 1309
212 735
1606 146
1423 71
1426 255
1232 1281
680 295
127 576
1139 598
4 1092
1303 386
855 631
1816 524
1182 1495
4 1218
328 678
346 280
295 1702
21 274
488 929
1121 909
157 803
108 1958
1402 825
570 681
781 1786
1235 203
923 1135
564 1258
1019 1513
1316 349
1754 796
231 645
563 84
1346 1157
1144 1983
698 1833
410 1638
620 935
439 7
305 978
1002 1196
312 942
865 493
1449 616
1490 601
1715 1654
1750 316
749 85
658 127
389 1388
631 517
416 1021
712 1243
320 1196
780 320
1260 1527
1939 952
1146 859
963 1187
1668 1194
714 20
1227 1632
1378 1842
291 1688
1514 1654
1348 453
739 1506
198 1433
1837 1316
192 498
554 744
836 327
718 1916
978 336
281 617
1517 661
765 624
279 277
1623 685
1388 1080
585 255
753 1561
438 564
191 1109
1400 1716
1926 1188
700 711
1486 1674
412 515
239 1724
1009 1377
457 1416
272 356
915 985
473 399
1392 608
556 1902
1522 53
10 1221
1278 735
462 1098
767 1152
641 947
555 731
608 374
1526 678
1913 489
361 756
185 1360
1622 1308
1773 204
1137 679
639 562
1985 601
1224 200
307 577
983 1560
1501 135
1606 505
804 1856
197 1706
598 1809
1087 426
321 179
380 1367
1867 1679
1579 62
1122 940
1607 1709
1779 1607
1146 667
158 1212
1458 1283
1238 598
287 1373
665 853
160 206
378 16
875 1077
95 1028
693 402
446 1848
21 254
46 1436
1141 783
30 1777
1396 45
887 972
1395 1037
1978 1473
1858 932
1109 114
847 1215
1761 1902
1585 1622
25 81
1928 304
1068 211
1731 419
1710 811
878 1743
1204 1246
9 1595
896 452
1672 1935
1186 194
1263 1584
1238 707
1975 1473
484 958
409 1491
1060 1678
162 1556
712 1906
203 533
430 536
755 1182
1363 238
263 1354
1117 110
1600 1999
1222 379
987 514
396 1671
405 105
1941 1181
1053 1404
729 650
1243 1290
1384 934
530 870
291 1667
853 102
1551 1154
1920 217
1199 650
1970 1552
238 1698
1645 1156
1082 698
1015 710
1524 404
671 1722
1933 1474
957 1937
1084 678
1147 1246
815 1088
1332 656
474 1852
506 292
1255 1654
241 1308
211 1764
866 1997
1988 1707
1734 1155
825 1819
1500 601
1303 457
1281 410
468 534
174 325
379 1779
427 634
213 1297
1944 1886
677 116
1448 1166
1091 546
430 1175
457 231
1919 1689
555 1050
1150 1949
819 794
1149 317
1112 1497
201 800
1354 1243
742 1412
1778 461
138 1987
755 924
1811 336
432 1501
1835 53
1409 569
1299 103
1073 1800
1913 19
1657 844
642 1161
1402 1745
538 1120
1450 820
1935 108
1409 1
1641 1479
503 258
292 1630
59 1634
1780 1024
1666 1928
1566 634
170 241
608 1083
205 1949
1020 258
1356 300
1749 1555
1617 423
1519 1993
1843 791
1944 1113
867 436
1360 8
1159 1044
1381 1283
1813 386
1984 1047
1569 1916
757 1227
163 1070
28 1679
323 1529
1851 581
1061 1797
1912 889
83 189
288 1911
1281 1284
525 1451
1326 1211
1119 793
188 148
1479 1167
1174 1958
1519 349
845 107
1178 1474
77 1631
1045 1550
1039 299
1468 1873
317 1338
1899 1202
1886 669
1651 1034
1755 1204
1344 103
1022 58
136 792
1314 422
1818 715
282 908
1652 1579
1453 1175
257 805
77 1071
1526 1401
837 1171
1353 1397
1239 13
1959 54
38 1558
1543 147
1314 1789
998 846
980 1494
673 1042
727 1559
1103 1973
1851 326
1228 215
171 1599
92 1323
270 1795
1197 569
766 1477
886 1667
1638 65
834 720
1607 1669
764 1555
872 1688
1796 1013
1926 452
1548 795
1148 816
1474 1346
1716 347
132 58
993 963
1145 1884
1018 1613
921 1590
589 1877
1193 628
384 1025
1163 734
105 1900
62 777
1980 880
1963 1230
475 806
1173 1565
1565 1564
1811 1777
745 195
1744 251
192 1216
1519 171
1036 1858
327 1409
1596 1127
496 1129
1475 1351
1615 1786
570 879
1498 54
469 963
1812 1201
451 479
1675 990
1881 807
351 614
723 1503
1712 143
526 29
564 646
1198 305
1107 1654
1597 457
1717 1476
1758 845
1551 1974
883 1295
1636 1526
1669 1960
548 1187
961 1673
1320 1
283 735
468 1386
739 1823
1390 1471
1098 1469
1795 1389
1166 1877
1944 1157
1580 1200
1920 1499
1306 126
203 1728
165 139
581 1636
1992 1645
1196 1407
410 452
1721 970
1180 602
1555 1855
890 312
1709 419
107 688
1123 1001
799 1029
951 406
714 1238
371 851
1588 215
984 646
1473 920
302 1587
1982 160
994 1393
332 651
526 369
1831 29
1171 890
1399 463
729 641
961 373
1601 1675
1844 411
1863 417
1043 293
1731 766
618 621
1741 480
282 506
1634 469
978 220
263 611
1548 1807
1984 1423
898 412
42 1978
1892 1076
190 239
1635 1329
870 528
237 1589
1247 74
1640 1764
1532 1629
427 655
731 1622
1368 327
207 558
810 397
1737 1730
1268 1594
1424 11
178 369
931 1499
1857 1025
1334 149
317 223
206 1511
68 980
1190 134
161 348
420 1961
42 1360
1460 1732
1210 54
1279 773
1468 1458
1919 1536
833 65
197 918
349 109
1721 889
1066 1660
622 1403
1248 1045
1374 839
1003 1629
953 1817
1192 1593
1257 1641
1673 1826
878 1080
1239 413
1063 262
648 700
673 1307
139 1935
1622 659
1177 1567
386 1325
938 1793
1481 1096
652 1825
1026 68
1829 852
116 39
1677 1719
1901 238
814 128
291 1245
1393 1710
942 536
132 1146
1211 80
714 449
1401 262
104 1726
763 275
1396 571
1852 660
826 119
327 989
680 1195
86 1097
768 830
512 414
91 532
528 302
1430 1350
1219 1359
460 1193
99 1913
1689 970
1792 551
850 1380
134 877
921 479
761 834
1124 1525
12 1534
627 1733
1952 1634
1400 1104
374 215
33 281
1594 473
1653 878
520 248
595 1059
1070 524
352 523
431 710
743 1686
1987 530
828 588
94 738
955 1734
80 263
999 1939
1247 948
1236 554
601 625
940 571
443 137
1351 1052
1358 1130
1393 398
548 1276
1696 1719
1368 1772
905 134
1049 310
125 1242
1067 1968
892 615
1517 1250
973 82
1514 433
321 1455
310 311
1431 1697
760 111
736 1677
1371 1807
1465 542
1937 514
1790 242
366 927
339 1330
947 620
1928 990
1867 855
858 608
215 1580
1710 1305
1621 1150
634 1285
1864 1898
697 1716
862 1517
1867 750
1158 57
318 1226
1891 1413
1683 1108
646 62
1142 1930
1782 455
1467 963
1609 953
1606 470
736 799
75 1371
563 1626
1200 1108
451 335
946 703
408 1312
284 1480
1198 1272
687 1089
1407 892
1239 463
538 1065
40 1363
1533 950
98 197
54 1320
1892 599
779 998
875 1225
405 640
900 1621
1518 657
1006 207
618 1928
1986 182
1877 729
623 1382
265 849
292 1131
1421 582
1816 1109
51 1894
789 1375
1446 1843
1468 1005
1412 1868
1389 103
254 1435
566 1057
1872 1198
548 648
1801 1139
1490 1723
369 835
1658 649
1237 1728
533 1889
1396 1120
1027 554
362 1661
1835 1788
562 977
1475 1070
546 553
710 1379
1197 340
586 1013
1050 933
1912 1066
1250 318
593 1179
264 1798
215 1477
386 915
926 1496
1830 876
332 1680
1078 1904
1475 1674
658 284
178 1242
585 1160
437 829
1937 1994
446 445
942 1372
751 906
905 505
241 1278
1358 28
1011 1158
1330 921
1029 622
16 791
1277 855
1105 873
936 1402
1140 1437
543 1068
1841 241
1008 1284
1737 968
45 1405
1807 1608
169 1453
959 768
1481 1340
251 1128
149 1307
485 1925
349 452
310 187
1512 468
320 431
638 690
1094 360
170 727
1533 1954
1163 1712
827 1740
146 1285
1554 1380
35 758
1990 1037
1167 786
1671 741
452 728
364 398
1211 597
837 1217
451 1739
911 1809
1163 102
1874 429
475 407
529 1393
652 1471
1842 1307
974 1417
146 431
1913 746
1589 1547
826 1812
539 1468
254 711
1456 592
283 281
1262 1031
1340 704
528 1564
184 807
1465 756
1167 603
181 1104
1202 1305
1146 480
395 1279
1141 841
363 1358
962 744
1602 74
806 1408
429 930
1860 1410
1695 1487
1017 1631
1059 1115
343 471
918 1471
1667 1862
1894 1726
1030 1737
266 1519
173 52
168 1899
603 1810
934 883
155 1901
1490 1263
1441 439
1920 786
1686 948
544 89
1228 1244
903 25
382 1480
567 637
1341 1544
1853 530
1684 233
516 1002
62 659
1852 156
416 1694
631 928
1347 473
1595 251
1886 1469
1140 1652
881 683
1657 120
1796 1353
1796 1027
319 1944
263 1815
1050 1856
534 1811
469 1433
1169 666
1716 1331
1324 683
484 901
157 1295
1636 861
1144 909
895 1642
534 92
1543 931
1898 14
1321 185
913 878
1457 1514
847 736
848 261
1226 1117
1495 1415
169 1816
387 1005
895 690
1957 1936
1447 1458
1768 1399
296 854
1536 1658
1748 329
631 1863
1213 1437
334 783
174 332
97 1918
1739 296
915 206
1735 287
843 1399
538 832
1782 6
1876 716
1870 1109
1855 811
1598 1750
1415 1753
399 1903
1316 1461
1538 1289
1429 818
1066 217
989 1041
861 496
1896 1409
1476 893
320 892
1997 1455
1973 1296
902 300
845 983
977 403
952 1879
251 1801
1770 1509
991 1308
1409 1754
1599 483
48 1898
179 197
558 194
994 1345
1920 1496
339 70
635 795
1670 1906
1532 25
1121 1579
1163 1132
1 1480
1392 825
592 1107
730 1048
257 1893
709 1457
1988 1564
423 1256
1213 1776
1630 926
337 1614
1402 838
1253 1820
139 897
1422 390
1226 1686
403 358
705 1312
1559 1585
1550 1197
1427 193
1100 1889
1601 1591
1604 686
1393 160
756 1095
780 888
1251 176
195 282
324 834
1604 1185
496 1927
617 1103
543 452
1219 174
1178 999
211 1700
480 1500
1987 539
1290 24
1252 840
1116 965
1869 679
1921 1351
1161 108
1028 650
521 1171
1221 1604
715 605
1078 100
1058 1829
431 207
871 1758
533 292
1946 1708
1817 1979
1161 1547
1261 532
615 1793
1731 1745
1342 915
1545 1209
248 863
1891 1736
953 1982
1932 1953
806 1687
1922 277
459 1838
1759 1698
1072 602
1008 447
797 61
723 882
619 1484
1408 1501
129 541
1172 1584
55 953
323 1930
1154 1749
1734 1199
1888 1290
1477 140
83 738
1161 298
1631 1115
1817 1755
666 196
155 1341
144 1768
1954 1820
1268 931
312 792
404 957
1577 1756
1895 1104
95 572
1453 1178
734 130
1011 599
590 1484
223 365
1721 356
893 1671
1661 791
1463 944
257 76
594 1617
269 572
540 1785
515 1421
117 160
1854 355
1828 1849
762 963
1638 374
512 448
613 1238
1227 334
847 525
1496 1066
352 271
84 59
654 1216
471 1083
139 597
1602 747
594 2
191 1156
1708 1515
1275 1049
1954 661
354 1944
1187 1313
1006 109
675 938
1437 1070
947 957
811 1010
672 82
786 1261
1780 286
1088 1454
750 714
634 968
208 220
1637 1304
437 600
105 1889
160 1397
1923 984
1108 1598
1393 1109
1050 40
54 1693
120 1617
1837 1708
407 347
1795 479
1464 215
81 813
1964 1506
1066 76
1491 292
593 574
836 339
41 259
207 371
270 0
1424 111
1648 489
168 530
355 735
1258 170
285 1652
9 801
68 1913
555 1211
418 1632
583 1929
1185 155
123 622
108 1699
1201 1052
718 1713
1623 191
1257 1717
621 625
1884 960
1373 1159
864 753
1327 653
1844 691
1176 185
564 81
115 1071
555 957
164 1709
1238 1987
931 254
208 1911
445 1341
180 1774
807 734
752 396
1014 231
398 1643
927 226
1670 807
549 1272
407 1206
1938 1080
172 1943
264 420
287 1760
803 1482
1808 158
772 1691
549 297
1124 1554
990 1317
1972 1895
1691 104
857 636
1862 1696
853 1698
1093 617
1560 441
1653 1063
353 1357
717 1180
1453 1899
1710 224
1536 756
910 243
489 1332
1533 524
151 1074
186 1408
806 1069
1427 1402
1092 1901
1186 133
373 1050
1976 1089
908 229
1506 1649
1630 1049
1282 1874
626 33
1835 1583
773 97
1348 12
1461 1614
1807 1215
220 294
1585 343
1384 1420
1963 1590
476 503
207 921
1000 547
1599 63
151 876
239 1633
1436 793
1521 1312
1542 1174
806 341
1429 716
482 1434
737 946
1548 1959
844 1697
79 413
62 1865
1809 1500
1867 1149
106 529
1906 1224
292 50
353 691
1716 395
995 1389
1311 1323
1202 1933
1491 788
1808 276
1448 1238
1027 49
492 943
1111 1940
1467 743
1998 1058
68 368
1057 994
418 789
218 514
1744 846
1492 1824
1085 52
1914 1692
115 124
1657 954
594 1799
348 90
95 768
65 1506
741 1907
546 1817
1090 1695
526 479
1620 845
240 1090
769 1393
398 359
231 280
10 224
850 1051
313 445
1237 528
70 687
608 1503
582 1379
656 1197
516 1177
1648 1222
644 1079
844 268
71 813
429 663
126 765
1813 1321
1503 1723
468 1691
242 42
623 849
988 1232
1484 619
1651 56
1327 218
815 1077
1269 404
1926 803
755 1194
1194 1141
584 1849
58 1432
1166 867
1681 1331
390 335
950 73
1323 1954
1026 1186
35 156
1943 720
630 541
42 1604
845 26
784 475
1448 863
215 796
229 1191
1007 486
264 1314
68 1030
399 635
1249 1231
1844 486
300 159
1827 995
980 474
202 489
633 1204
1722 1629
450 384
1129 1960
1221 1571
1530 1314
1786 1217
1583 1939
1202 782
620 1399
1122 1805
1818 85
1743 185
1347 1414
1369 1566
1506 749
24 203
369 1820
1276 1328
260 942
1902 1119
1530 194
1645 1944
791 1
1413 724
765 390
945 1536
1474 955
795 800
1251 924
828 959
1161 1551
1004 1335
809 991
26 752
746 1915
1529 1590
59 1241
1958 1861
1431 1110
1522 389
1612 1390
1928 1796
337 1747
203 1123
882 55
621 702
999 215
261 1746
1511 1019
1044 1353
1306 1698
804 832
622 1929
160 898
530 622
286 1600
22 1402
1308 823
1200 804
639 1726
1911 1581
1429 1506
1329 1458
534 1702
1590 1606
1853 397
1645 1979
1659 268
1360 1550
1523 1484
520 1310
1287 153
68 269
290 449
1487 1587
1183 1394
1508 625
1468 1946
1966 480
1637 762
1611 1372
268 1700
1920 98
1015 687
1339 1853
168 1436
1336 1262
1411 1361
23 689
168 1438
1853 154
352 308
1241 69
834 1490
483 630
921 478
1928 377
112 1392
1965 1651
1223 135
1206 247
481 495
1611 1610
1480 1950
1907 769
1766 667
1022 1073
195 1
1634 297
1836 214
1701 1150
346 123
1446 1036
756 85
692 39
1545 129
992 745
1711 914
56 1355
1017 1251
1756 1243
647 40
993 1672
109 1320
1576 23
244 1152
1510 1391
572 1248
1484 829
1615 910
1473 1543
521 1824
696 1332
184 279
1330 513
903 1000
783 533
1989 361
711 762
231 1115
1337 1602
1796 269
437 1362
1056 1128
1456 1047
1994 719
705 581
1329 1951
1254 1840
925 384
922 1448
171 1609
785 1349
729 632
736 1745
154 1939
339 603
24 844
1570 248
830 1993
1010 1550
1290 468
1208 561
451 842
1232 1429
1912 1349
4 150
560 1368
15 435
1253 751
636 920
208 850
1055 1454
1002 1489
1294 1242
381 1910
1480 1115
1874 180
1552 329
1337 576
695 188
1848 303
102 1629
879 564
909 932
1054 1695
1136 430
840 642
406 1682
1869 555
1970 408
1923 1099
117 582
1141 1719
581 55
1499 285
1735 180
774 1432
1961 239
1859 1881
1991 639
977 1149
1583 1957
1831 776
63 191
939 800
96 1713
1132 1486
118 19
560 891
918 843
1574 1805
1652 1461
927 433
60 1051
1669 886
857 1149
393 1792
1912 943
411 221
86 1503
1959 1205
1907 326
483 533
399 1221
1028 1308
584 1982
1804 188
1618 487
200 1900
763 418
1492 1287
427 806
935 1530
1088 1644
1873 1805
1258 954
1441 20
1965 1411
952 1953
1347 1061
1711 366
440 126
622 349
707 777
1970 1695
1196 1495
1977 1327
216 1722
300 1992
1235 581
11 1455
1973 361
1481 1432
1545 1499
976 379
1120 1264
1087 1460
280 1225
522 1819
953 1946
275 1505
438 126
818 849
1392 722
947 670
1341 854
859 1888
1946 1028
1915 1331
1292 1795
1390 233
1448 1722
530 431
1953 100
48 933
1651 1882
1667 1798
817 1112
975 1259
110 1752
1927 1869
1270 1613
1364 1771
1500 1907
794 1100
1716 780
1535 920
433 695
741 1957
1758 522
1398 832
1296 296
1275 1081
1241 772
689 864
1635 1402
901 757
16 63
1052 1423
1726 82
733 456
1311 1656
1067 167
624 463
965 771
1205 1441
38 1396
611 1100
1222 1907
1052 1741
112 999
249 260
623 739
352 1946
756 981
242 1322
204 747
857 1151
1204 713
581 466
673 633
1466 1601
1061 117
1685 343
646 677
1536 1912
1166 977
1179 506
280 1634
1311 1619
423 1230
1678 271
998 553
518 1143
1840 195
1052 1758
289 87
1624 812
1547 597
464 1027
1561 600
1790 1160
934 137
108 829
1709 413
127 1669
1473 1853
608 1188
1125 1356
65 119
777 1649
1670 1214
1380 1609
669 324
1158 1085
730 1667
1810 1833
1988 1651
668 714
1085 1530
66 1187
1239 1774
122 1636
901 442
1955 209
1787 1645
630 1784
1682 886
608 993
896 1484
1406 575
282 1346
1150 1969
1071 1335
1992 1513
1428 1453
1235 899
1020 1845
1605 1879
750 1835
938 668
1469 879
1141 247
1159 860
1608 562
1198 1015
831 1127
257 1483
1192 1931
611 1460
1283 888
1598 1130
1058 935
1788 273
798 1149
650 1798
1133 214
1148 1565
55 769
806 1464
169 1594
817 1210
1255 821
1185 259
344 597
752 1029
1110 152
488 735
946 1129
1136 55
1217 943
1255 1930
1834 402
1662 1484
1564 1653
865 1655
184 1826
1021 1131
1591 993
1247 1249
111 395
1176 227
1292 445
1752 95
1618 1492
1396 995
1229 316
1659 1311
994 979
1544 1611
1353 735
1486 1161
44 687
1068 564
1796 371
998 438
1470 1013
875 618
750 541
1789 1211
10 1265
1295 1278
1214 1144
998 560
430 1925
1065 1204
838 550
1570 522
1596 905
334 181
1394 725
1872 726
1202 1791
1246 1816
1038 1792
1624 42
1792 1536
915 325
1884 1541
1630 1413
1404 331
1530 503
1510 1260
1210 1157
584 471
1049 345
702 318
862 1473
1290 637
725 1533
1877 1954
84 423
671 243
35 687
222 1121
857 682
485 834
1244 1389
1823 622
921 1055
1119 848
304 1035
468 1559
607 1977
832 393
1208 1964
1475 1738
1985 1216
1863 519
798 30
647 330
849 1584
1759 1559
1587 410
661 449
907 1812
1740 72
1389 797
78 520
545 1404
1668 803
1946 244
1763 1643
69 1380
250 1450
1219 1200
1500 1866
1635 682
1777 1670
1518 859
1781 1563
250 1563
1809 1464
677 1865
1943 1421
1517 666
1996 486
1086 1413
1296 1402
1050 931
219 1778
74 802
212 1919
458 1556
534 493
776 1528
221 620
1289 1830
394 1968
407 1647
1979 733
1127 1301
1191 544
984 1536
166 270
1467 1686
485 566
197 1108
433 839
1465 912
1756 1092
271 1238
873 1829
818 1170
11 101
1242 461
1273 1798
1683 104
920 1521
865 426
774 402
93 646
914 1175
1547 950
1308 1658
671 357
326 1461
379 1573
1094 414
1336 1608
1623 691
1233 727
998 1306
817 88
1315 493
1085 850
1521 637
1201 905
1199 243
1443 1120
493 283
377 522
1948 215
1816 714
1817 716
434 1972
692 1916
518 845
123 1332
779 177
1131 1200
281 603
267 474
1201 1105
776 1607
1414 1789
1648 1837
285 1719
614 994
1879 738
1336 1110
725 1380
928 1383
673 651
443 932
596 1885
1256 147
1070 504
957 352
1603 1785
693 697
1972 229
955 407
1157 1989
1742 421
367 1744
680 1535
1444 509
653 1458
797 700
1543 618
1989 1147
484 1980
38 631
1549 1847
1639 419
178 241
1871 936
1988 554
566 377
536 988
1919 1243
277 662
305 347
470 1565
886 1874
1191 442
957 1176
342 536
1660 1744
382 736
414 267
743 135
1686 151
1673 49
352 355
1922 1387
542 1808
1277 1844
338 1661
1021 713
6 1984
1161 1133
365 1186
375 1924
445 1406
1765 1461
203 1817
203 78
1052 930
154 1490
439 108
1065 95
1633 1906
1423 885
1460 1778
764 1141
140 1874
551 907
1309 64
334 1242
1262 1280
1738 312
835 968
1548 911
984 1657
633 1277
1553 1446
1257 589
1722 1961
1881 1314
1206 658
1434 1436
899 1019
1249 1886
1727 1209
1176 1307
801 1258
919 213
1470 180
1629 364
1672 287
457 1575
873 1934
634 1809
268 1002
1029 577
1963 319
88 1752
461 1285
1359 1983
571 1275
841 829
339 147
47 1067
1090 1528
1197 1560
1000 573
177 1350
681 1890
1097 1260
919 556
52 1058
1070 1702
1500 79
372 1382
1729 1446
1414 707
836 899
377 1052
1051 191
1753 174
764 924
1061 495
1026 1236
532 1160
1737 1920
1208 1946
1949 1612
1817 1357
1019 159
1613 81
419 596
1248 281
1974 83
490 1075
1993 424
817 240
890 1548
676 675
199 704
1142 1044
584 1230
1682 816
1511 1597
1294 616
526 1058
728 698
1838 432
1643 1023
902 1957
1059 242
1374 804
1954 1937
254 442
1026 1358
228 876
21 375
1061 485
1536 635
266 563
908 339
88 1477
390 36
1251 1194
1749 1954
740 1299
1584 1770
1516 171
452 1480
1269 1042
1348 1768
41 1461
205 402
1058 1160
1214 327
907 1593
530 359
1964 1395
436 1031
1688 1297
1125 1394
1239 837
1838 315
1761 154
494 528
1201 482
520 220
710 938
1407 561
1238 841
1797 1023
567 1171
118 203
1164 156
1584 769
7 219
1782 1724
554 70
83 615
304 423
832 561
1521 80
209 517
479 737
1202 1225
1547 486
727 1825
66 602
1604 363
1143 1952
819 1080
1281 722
1745 923
6 141
1806 1483
367 1657
1343 1388
784 1993
1667 756
1298 1054
1990 1826
457 592
1338 866
125 452
1639 1525
1192 1486
636 949
1729 1750
1048 467
1719 103
1635 890
1410 616
4 681
1610 920
161 1443
681 418
1098 980
669 1769
192 406
1284 646
1189 1225
1668 560
142 1711
434 1822
974 11
854 926
1761 411
985 1034
781 880
1813 193
660 1808
1025 1180
278 634
212 247
1908 529
331 679
1741 1605
543 1315
537 1706
1929 1157
625 598
586 1421
627 1
275 1119
656 583
1006 649
390 622
1306 1079
27 1441
1796 342
598 1660
790 1531
560 748
301 127
113 397
621 465
1947 373
1205 378
1758 434
1106 217
922 593
1510 1186
1704 478
1262 466
1092 1958
50 1131
743 575
618 174
126 1382
1237 546
607 102
562 710
360 1572
1934 462
128 1296
954 1587
573 1954
340 1368
1493 740
1314 1422
1075 1546
1986 598
302 1804
1341 1357
1468 407
10 66
619 428
383 1378
564 722
1725 1498
81 599
1207 351
1374 1387
1869 1943
1738 1535
965 1503
1184 201
153 964
1218 257
1484 937
1108 1790
570 480
1424 242
1605 255
1409 746
960 1556
1032 312
1552 1245
266 1091
1962 259
1282 226
131 1271
1548 276
1297 458
150 1155
1187 733
753 1040
17 1808
731 1154
736 959
1585 943
913 224
469 1939
852 770
54 1925
818 1356
1495 1144
779 1779
68 389
1407 1521
1977 155
512 1869
294 1648
893 528
1068 1177
245 1997
679 1038
1845 426
1704 1525
1461 76
893 691
253 1218
1451 1151
1511 1282
1791 1401
569 1038
1835 1301
958 1026
1782 198
533 1325
1355 518
608 443
1036 443
920 561
629 817
1917 359
963 1354
1453 139
1496 1528
245 1631
1555 1456
408 1375
404 1753
1586 264
86 163
1049 1857
1285 414
537 1622
315 1967
95 751
1087 1293
336 511
998 1639
158 1741
97 450
1949 1897
130 803
697 1355
1835 1285
1289 1220
181 812
16 949
1676 1438
111 834
439 1985
928 924
122 1613
736 1388
410 9
159 516
787 1254
642 1040
1695 498
1629 1423
684 1905
1554 927
21 1217
1534 1148
1303 70
1485 143
1117 1038
176 456
1886 1203
1106 1939
1111 1293
522 645
1346 1705
1767 1463
1477 769
982 1479
1834 1825
52 170
1301 222
1560 1890
309 93
600 1907
1898 1084
1478 1080
762 1859
151 1610
290 1552
1368 806
1675 1299
1522 1268
610 1861
812 786
1336 948
1951 783
1029 639
1811 453
1754 1871
1987 1164
661 1971
1228 590
588 1176
105 201
53 937
35 201
1846 1663
789 401
1176 1162
344 1082
1824 523
357 958
380 812
797 634
1736 1436
1703 252
758 218
894 769
235 577
1433 1002
1585 1438
753 1182
452 817
1421 661
145 1673
490 1939
1134 623
632 1757
1674 1730
464 429
958 1459
433 219
1419 1122
1929 386
148 323
852 1443
1243 565
1402 1952
1704 725
1884 177
637 1339
1002 697
454 921
935 212
1102 1080
970 418
1525 1443
1343 1472
18 301
1734 490
763 667
1468 1716
687 1191
187 1514
1451 1390
186 1134
1068 508
1840 1230
72 1955
1463 1828
1801 1890
1559 1860
763 1454
628 284
334 312
1599 1956
1917 558
5 1499
1514 552
1928 1606
1584 1038
1504 1967
1906 92
1144 55
1250 969
1627 200
1669 1439
383 12
410 1370
1127 1413
1107 946
1946 745
1454 1777
1233 1514
1154 1433
1299 1067
945 186
1588 1878
667 622
902 521
331 1672
193 1072
42 1131
1068 750
842 1126
1022 492
734 1120
768 158
213 945
37 1240
218 67
441 834
160 106
1655 994
283 585
378 1073
1920 964
1404 1373
852 1543
1032 1619
368 16
945 1600
1494 82
1795 715
954 1745
187 1439
338 1685
724 1254
1782 901
1136 1345
62 1288
381 1272
1410 334
1574 347
1215 203
622 732
295 1034
1709 1467
1696 1539
1332 165
130 575
1949 383
1201 1792
787 1249
43 1341
1275 1958
1688 1500
1883 857
1430 919
563 923
280 1902
380 820
944 1044
1876 525
1695 147
1426 1892
705 848
1085 612
584 1623
1201 114
1838 939
655 1311
1204 205
1962 1867
295 1129
1985 1820
1409 901
1988 523
1837 1324
1054 1799
1470 595
1345 1694
1904 1909
1845 1452
274 1746
123 498
328 225
1824 1660
1356 331
331 828
313 1724
1640 1234
468 1624
1699 1682
756 791
572 639
1784 452
204 772
116 277
886 1372
303 375
1795 1027
1932 1088
31 1318
291 735
1215 640
1559 517
1111 1514
1333 49
206 1496
1969 864
1137 1472
42 714
1593 1025
17 1634
816 43
1306 1391
338 1174
523 824
1852 1241
1844 49
173 1993
1352 901
954 720
1926 1873
171 1279
285 1066
1767 693
971 1037
353 477
268 1349
1894 1983
1735 77
1939 1022
556 975
761 273
731 1409
1369 1837
509 1275
4 1489
1520 730
1494 1626
392 772
937 917
28 844
376 402
1034 1096
260 1449
749 657
1506 479
30 761
1808 1906
1182 1445
1238 318
452 769
1434 487
1165 1962
1342 908
597 1987
850 1984
194 1637
234 1248
743 108
54 1321
964 577
1533 125
1053 195
1615 879
790 367
1071 207
1523 913
194 1020
103 1935
322 844
1130 1163
234 1285
161 556
981 1245
386 921
351 1748
49 1982
1428 538
1904 142
1729 1263
1101 875
529 108
50 483
1069 401
1058 16
1627 1520
1541 1928
914 1820
778 1534
1754 484
943 621
1941 1079
896 1928
1894 673
803 1500
601 1202
1932 1025
208 287
1768 411
351 746
744 699
870 847
1793 1794
1772 161
1506 347
1059 304
726 1117
1268 467
1083 1868
1809 632
1849 1
912 745
1483 485
493 458
1042 306
838 1796
1242 57
302 1609
375 1958
446 1302
1854 675
1743 127
394 303
861 1390
158 1669
981 735
1882 1535
159 197
1420 272
1020 1334
1404 297
1555 1470
1324 521
1464 384
835 190
364 172
1950 736
1613 543
1843 416
574 962
724 876
985 1105
273 1676
838 560
1298 1013
1689 1472
649 1234
1308 1903
736 1999
1803 1158
593 1692
974 1818
317 534
1767 1273
239 160
1431 567
1880 1532
1746 1661
1337 103
1828 1013
65 1214
1999 740
197 1007
669 391
262 1755
1392 27
1581 190
1105 997
1680 1179
923 1168
1582 1832
1587 240
954 1353
1658 1882
1541 270
1181 1210
795 1466
1532 595
1513 287
1942 1007
1826 228
1476 1889
1275 751
1473 1070
568 1029
1344 247
1228 1071
344 1753
486 1036
1206 1507
1911 836
410 136
1099 225
705 1757
931 359
34 612
1949 1814
574 1860
1859 1592
1255 900
477 1875
1284 433
908 1185
130 216
403 1753
1199 756
588 1331
332 137
853 1487
863 290
502 482
727 570
1119 1427
1318 1638
1353 1565
1195 737
560 156
1552 439
163 571
101 764
1909 1077
1076 176
637 385
1600 438
1779 1905
815 1501
1555 746
41 1664
1542 933
1802 1532
1268 95
1599 111
558 868
828 1486
103 1657
1023 236
658 867
273 616
14 1105
992 1642
1399 1889
1352 461
347 621
1605 1770
218 1138
880 673
211 430
970 537
963 351
1788 1618
1100 1528
421 1514
1775 1714
1417 1130
1117 109
1641 390
1029 1629
681 917
500 1508
1650 1
1792 965
563 1316
1470 189
1778 227
288 1731
332 1684
1298 1670
1351 443
440 937
1944 330
461 339
521 1853
688 1326
1928 1725
768 397
900 1621
1761 201
961 829
777 1268
1722 770
1530 147
1320 776
1736 1082
641 1114
1691 1177
723 589
1488 1179
1592 1982
135 1303
1328 515
475 1321
1700 330
478 430
891 1080
469 8
1131 394
44 210
938 1425
274 1407
534 353
1401 1882
240 1871
1861 128
153 402
1504 591
32 16
645 1176
424 1828
1782 220
1475 1524
1568 802
658 1740
1548 1484
1906 907
1825 14
1405 64
1454 1293
79 926
1444 912
486 1244
818 593
1828 286
228 863
1648 703
1397 325
39 1314
611 1755
826 1691
952 327
234 1343
795 1840
339 55
1946 1802
1847 387
515 1593
125 1356
1586 1594
1618 1250
38 1219
244 945
1995 1016
745 420
535 1038
998 275
505 314
205 492
1449 890
1335 1481
1187 238
589 772
751 540
873 316
1298 253
357 885
1999 296
1016 656
1045 485
399 1904
1011 1229
478 1625
75 1044
665 1207
579 1230
1789 1074
1273 914
1816 1835
1473 1726
1123 1157
1066 159
1837 550
1546 1031
1073 600
528 1179
616 1559
1006 1426
1908 999
1253 1001
1105 1059
1740 1631
1603 860
1768 13
881 102
54 1795
61 432
374 1300
610 1885
961 356
1270 1824
1110 140
174 1295
395 1746
433 1451
263 1491
1947 166
1464 1030
1799 1736
779 1311
1247 589
1895 1215
391 563
1732 1291
1897 512
260 748
1927 556
1806 880
438 726
1062 1777
263 160
1775 758
1004 865
1275 1202
69 1252
1119 198
531 1022
1509 738
422 328
391 1092
333 1512
67 1708
545 498
1037 439
764 750
326 1544
1749 1480
713 4
966 526
1744 1160
738 1712
1531 270
1800 1484
1224 495
1337 1824
797 627
1556 488
518 221
639 788
1289 208
1427 1354
79 45
1632 300
1300 34
1236 568
1843 871
729 1779
816 1665
928 181
595 66
1874 1696
1093 141
1333 1828
746 612
748 1251
1302 1798
461 1993
1111 954
1718 1853
915 144
1256 884
1983 489
379 761
316 1965
1683 1899
456 1919
926 1491
813 806
1008 1025
6 1698
1570 1186
21 808
189 436
344 464
1061 1407
111 1537
955 1546
1827 1715
950 53
960 1573
1309 1346
749 479
391 255
8 520
1470 1834
1120 1354
565 1754
264 330
614 1771
514 842
1509 15
993 551
352 733
1471 1190
1286 302
178 1460
768 1602
1049 771
1909 1007
1088 1968
566 775
829 564
114 36
1178 1702
521 440
241 1453
1633 661
205 917
592 1260
480 784
196 1412
1620 544
427 165
499 365
1228 1298
566 87
419 277
861 671
130 1906
719 873
1561 1369
51 1212
1707 1820
664 1805
1262 673
43 1138
997 355
511 737
966 123
351 1182
1566 1858
667 1859
316 1312
333 1790
138 645
412 369
1736 1108
1149 623
828 1796
730 1238
1665 616
1688 281
133 27
221 1365
1179 522
954 1177
1467 609
832 718
347 1329
492 824
1464 1447
917 325
1241 1275
578 1213
1636 823
1063 1653
327 907
1296 1318
1823 1210
1208 1494
896 1702
70 908
1396 1469
1901 1472
1611 1489
16 1897
369 552
751 1251
1864 1117
200 1426
1147 433
1638 959
535 1924
932 1834
876 1437
1719 1735
716 1853
1863 477
83 1549
1724 1680
1611 1490
1092 1206
390 208
916 408
1684 420
8 865
1812 370
62 1360
496 423
541 1079
1073 562
577 872
1835 1893
1005 38
654 47
166 1278
1390 541
1672 827
1710 1475
1985 697
66 121
797 1473
665 1873
1883 1677
1730 287
1402 391
1037 1730
555 1440
1987 99
778 1448
1136 1135
770 705
1551 1442
851 498
1789 240
738 1881
34 282
1775 61
804 306
1632 67
768 1683
746 1584
456 1311
322 1656
1523 402
1524 1894
1645 871
251 1006
1832 1606
967 1935
105 1402
1562 1795
1212 1967
215 1684
792 714
1729 126
88 144
725 498
1623 1136
27 1696
1431 1234
1513 955
1144 1376
241 414
1097 1880
225 1598
1799 1381
1745 1793
1856 370
1246 1880
1234 815
1847 830
1553 1190
1793 1591
1722 56
336 1824
1191 1357
753 1348
572 1389
980 1682
78 846
1793 574
1472 373
978 1413
1452 1677
44 1373
553 1476
137 70
1340 43
1598 316
296 1127
920 1286
157 1688
674 222
1031 239
398 1727
657 99
1643 129
509 506
1097 1029
431 955
1437 911
1054 251
501 354
416 447
158 1364
877 111
397 766
258 1619
769 1266
1171 1578
1800 1057
1801 1757
1930 522
1160 24
585 278
1436 747
1920 829
1068 614
973 1306
1998 953
708 1657
1176 1938
452 7
273 207
1982 1369
1759 1807
1778 342
1263 773
955 954
1169 1104
322 1858
381 1666
504 364
1818 167
1537 1601
1219 1170
1731 829
80 398
1499 534
1603 1292
1270 1305
601 1835
955 736
524 260
1642 1695
491 819
275 1657
1271 1912
398 1849
288 590
676 927
630 718
347 847
1621 21
479 656
619 242
1315 798
990 1908
958 1853
953 1871
15 530
79 1934
1060 47
1465 1524
477 1831
224 1347
1702 93
1608 867
1090 1201
917 523
656 1710
571 1098
154 1394
872 527
424 752
259 1943
326 1414
640 569
714 1545
1415 268
1350 1301
1116 878
667 1815
966 942
1649 573
768 186
1422 376
964 1262
1482 733
1817 1495
687 1325
918 625
903 1339
386 823
1792 1333
180 1821
182 83
915 1083
1209 1722
1508 1704
1212 177
1181 250
1447 1344
816 1928
1761 175
599 1331
976 1264
1955 22
1532 1158
1937 998
1846 167
52 703
1334 938
106 96
1667 1968
1994 561
974 1722
810 1581
1142 383
1783 1299
750 184
337 1110
99 1842
743 1222
1906 1615
704 159
1704 334
567 52
1125 977
1736 1997
211 1952
1179 626
733 443
748 1721
799 1208
1615 885
191 1272
1757 1726
250 1433
1150 1525
39 111
1395 1856
901 359
842 1850
1413 1730
1588 1363
398 1099
1180 1382
990 1357
1508 112
1904 1531
173 24
829 791
516 476
1312 1305
1774 1919
164 1749
126 919
1648 1964
1470 1975
1093 870
206 1531
1061 759
787 196
316 825
804 592
295 55
349 214
1729 1156
1413 790
1439 135
1139 1320
918 107
15 759
1392 216
303 1991
1433 475
1514 67
1229 1753
1945 1052
624 1789
780 1364
1917 1389
872 1961
961 526
1639 366
1192 1175
1934 1529
142 1935
1165 1973
242 193
342 1060
1547 888
766 1427
1863 1185
1846 842
1521 656
796 644
1313 1024
1621 428
1928 1104
1497 1800
1886 434
1738 1299
1168 642
1204 1376
446 212
1804 958
770 984
1174 1872
950 745
1495 541
1386 375
514 1140
962 971
1526 843
45 178
126 494
1447 1226
172 1392
255 369
475 271
982 1109
936 1141
515 176
1271 676
1653 700
885 959
1931 1129
1778 1610
627 353
596 565
29 551
993 1388
1281 1822
738 480
937 424
1962 1090
1276 1111
1619 1623
1535 450
689 12
651 1043
690 1114
872 967
117 1988
1963 954
1397 1994
1898 477
681 608
1739 819
1526 946
294 973
1225 768
907 1448
180 846
499 944
1692 1539
1179 1316
465 1385
1362 1500
1619 1344
929 1453
112 8
1567 544
1826 257
292 388
1814 1580
871 1789
425 267
1702 1812
1212 728
603 747
93 336
637 1512
306 125
854 989
1381 974
1668 193
282 1365
94 427
734 532
288 685
1200 1194
1762 180
259 1618
407 1247
1133 1474
1995 1094
1941 1750
1812 610
1246 912
330 1774
1980 147
859 710
442 1578
1921 874
1950 354
916 194
1679 1135
863 705
814 1847
129 1683
1534 1948
1259 952
1063 483
1989 1674
551 988
63 1678
90 531
1171 774
1325 9
541 1557
128 1508
1049 1265
1254 349
391 79
1814 1560
257 492
945 483
1225 92
685 167
302 1543
1639 228
1684 1853
884 662
143 153
1671 316
158 404
797 585
539 1665
502 1375
594 254
1816 870
1308 107
817 233
1125 1752
1864 342
1201 1739
870 1424
1976 236
1593 600
1271 1885
1666 1226
819 1908
1873 1215
1170 69
1617 418
1567 387
502 5
401 1506
656 1932
230 26
692 1284
1213 723
1666 756
985 253
1611 702
1408 1895
1446 1314
1501 268
925 1360
529 1337
601 1585
20 870
848 892
1976 796
1483 1316
636 1430
1870 944
367 1488
1765 1141
188 1787
309 1763
903 267
131 1222
648 1898
1606 761
1624 315
189 1491
316 933
814 22
1047 202
495 236
1151 1139
1608 837
1406 1321
990 1195
342 929
1261 840
1090 1472
1249 1270
1650 1405
1648 304
58 1673
365 409
181 1648
73 1716
101 1312
492 1349
294 152
230 1212
178 199
646 308
280 1306
1966 387
684 796
111 328
869 1019
1089 610
1761 1359
788 1052
1659 751
938 1645
1890 336
399 164
1502 61
693 802
523 846
140 741
1500 1159
825 1230
1505 331
1200 752
36 835
1476 1579
356 240
1845 359
1142 722
1045 1789
208 13
1443 284
1716 782
1095 1315
1658 1701
534 432
1916 1812
1158 1517
1520 143
1267 1796
1126 332
1324 1894
582 558
764 701
479 1874
1155 1460
1006 966
454 1542
861 1087
795 1766
1188 1959
885 120
1564 368
712 465
847 1621
646 1938
242 1037
112 1426
161 1069
740 319
1754 260
1664 689
1296 36
1163 1971
1663 595
1929 1781
783 1561
1908 667
1127 1314
1645 948
1117 744
1407 863
733 583
501 876
1884 134
849 293
1302 284
732 659
1030 984
1752 1199
684 808
674 1685
1453 178
704 1840
1838 86
483 448
403 1608
110 369
1809 1756
945 397
1822 586
554 1515
171 1009
1574 656
1206 1604
1890 329
197 745
1325 1384
2 1027
768 1039
1669 347
745 1908
491 1486
172 875
1065 1848
1662 1931
550 173
367 404
1419 607
149 916
1407 1496
470 26
156 970
24 483
1200 1227
1104 1578
1361 1260
1931 391
1213 1141
1091 269
120 1956
1146 150
809 1130
1056 712
816 1963
1442 1834
1215 971
677 1706
1107 1780
536 575
241 1064
367 450
182 1797
1358 1644
580 643
1815 1359
927 371
1127 1970
1961 1164
577 1854
49 1713
1239 432
1451 1691
1143 1782
553 1846
1251 379
476 499
1021 1249
834 477
1525 1319
631 842
850 1577
1010 956
960 934
1714 599
1997 253
603 1901
19 433
1326 1270
1418 1545
146 118
613 1931
580 537
513 923
184 387
357 1153
1192 1935
933 374
1922 423
1998 1949
320 1216
1809 223
530 1862
1286 127
597 827
400 887
1291 490
1795 1334
363 312
1425 382
252 487
1530 1345
737 204
1666 1474
321 401
1655 1711
1161 224
1981 640
1273 178
664 1618
387 1632
598 734
1178 659
202 179
1669 542
1528 136
566 283
1367 486
1990 473
588 1835
1763 1312
333 1179
129 1699
1664 1910
1971 1281
1683 1685
125 611
836 1102
537 719
265 477
1411 1426
645 1625
948 1615
1463 187
103 1450
1860 484
1605 689
963 659
897 1777
841 1099
515 1019
1834 1315
227 1451
281 458
1329 1092
294 807
1590 1901
1994 579
1884 1109
649 1911
